3,0,0.0824417008552,ucb
3,0,0.070366579536,causal
3,1,0.105013813402,ucb
3,1,0.0571477182526,causal
3,2,0.0795257415929,ucb
3,2,0.0867463221751,causal
3,3,0.0840082780183,ucb
3,3,0.0640009156947,causal
3,4,0.119711449588,ucb
3,4,0.0819449249111,causal
3,5,0.0838557793564,ucb
3,5,0.0893665264567,causal
3,6,0.0757386914891,ucb
3,6,0.074551050395,causal
3,7,0.0912357903578,ucb
3,7,0.0905171981783,causal
3,8,0.108414995679,ucb
3,8,0.0910370799802,causal
3,9,0.0989300410262,ucb
3,9,0.0847892560141,causal
3,10,0.0771989817061,ucb
3,10,0.0643937152784,causal
3,11,0.0756716845013,ucb
3,11,0.109979262256,causal
3,12,0.122592750064,ucb
3,12,0.0614015066851,causal
3,13,0.124076146139,ucb
3,13,0.0948495465276,causal
3,14,0.113599950183,ucb
3,14,0.084227783668,causal
3,15,0.100831653128,ucb
3,15,0.0583076323173,causal
3,16,0.125025796897,ucb
3,16,0.0981721688883,causal
3,17,0.0937335335928,ucb
3,17,0.0664570683856,causal
3,18,0.0923286974348,ucb
3,18,0.06779258697,causal
3,19,0.108181626515,ucb
3,19,0.0977054305595,causal
3,20,0.0745741562528,ucb
3,20,0.101432405433,causal
3,21,0.0701632479868,ucb
3,21,0.0404606677039,causal
3,22,0.103204624731,ucb
3,22,0.103220798831,causal
3,23,0.107675608227,ucb
3,23,0.0478221940191,causal
3,24,0.101873727318,ucb
3,24,0.0665263859591,causal
3,25,0.0604980676427,ucb
3,25,0.0365973682692,causal
3,26,0.103532727913,ucb
3,26,0.0818548120655,causal
3,27,0.117172115809,ucb
3,27,0.0884653980001,causal
3,28,0.089493608675,ucb
3,28,0.0709742635978,causal
3,29,0.101626494639,ucb
3,29,0.0982599711482,causal
3,30,0.112347612687,ucb
3,30,0.0786477189941,causal
3,31,0.0851058062668,ucb
3,31,0.0946600784931,causal
3,32,0.0725801207193,ucb
3,32,0.0760760370139,causal
3,33,0.0901798526535,ucb
3,33,0.0823469668379,causal
3,34,0.0788602928864,ucb
3,34,0.0749692664223,causal
3,35,0.107164968769,ucb
3,35,0.0595091369262,causal
3,36,0.0826773806054,ucb
3,36,0.0751957038293,causal
3,37,0.0911017763822,ucb
3,37,0.0780977995769,causal
3,38,0.111952502518,ucb
3,38,0.0612443868517,causal
3,39,0.111035199961,ucb
3,39,0.0712053221764,causal
3,40,0.101108923423,ucb
3,40,0.0901752314819,causal
3,41,0.118734071801,ucb
3,41,0.0523347680597,causal
3,42,0.093569482002,ucb
3,42,0.056840410343,causal
3,43,0.0639916733516,ucb
3,43,0.10423052482,causal
3,44,0.115665613876,ucb
3,44,0.111585119378,causal
3,45,0.109500970999,ucb
3,45,0.0568889326445,causal
3,46,0.122442561988,ucb
3,46,0.0669307384718,causal
3,47,0.104225903648,ucb
3,47,0.0899141352881,causal
3,48,0.104577112688,ucb
3,48,0.100011395174,causal
3,49,0.0926498688591,ucb
3,49,0.0711752845612,causal
3,50,0.0712122539338,ucb
3,50,0.0528985509916,causal
3,51,0.087471846112,ucb
3,51,0.0552784543514,causal
3,52,0.0978925880082,ucb
3,52,0.0873701803374,causal
3,53,0.108740788275,ucb
3,53,0.0723375092117,causal
3,54,0.0906928026981,ucb
3,54,0.0378589481085,causal
3,55,0.0643682988347,ucb
3,55,0.0872939310064,causal
3,56,0.0785160156043,ucb
3,56,0.0639523933932,causal
3,57,0.121550675874,ucb
3,57,0.0697450319595,causal
3,58,0.0848863006171,ucb
3,58,0.0491230538167,causal
3,59,0.0686382613678,ucb
3,59,0.0948795841428,causal
3,60,0.113687752443,ucb
3,60,0.0680559937497,causal
3,61,0.0915407876816,ucb
3,61,0.0900134904769,causal
3,62,0.120700380305,ucb
3,62,0.0631390671964,causal
3,63,0.0795904379949,ucb
3,63,0.0517409475126,causal
3,64,0.107798069274,ucb
3,64,0.0280019891442,causal
3,65,0.0660919958313,ucb
3,65,0.058115853697,causal
3,66,0.102146376441,ucb
3,66,0.103944012182,causal
3,67,0.122634340608,ucb
3,67,0.0718753920544,causal
3,68,0.0558029573249,ucb
3,68,0.111531975905,causal
3,69,0.121058521102,ucb
3,69,0.0778852256846,causal
3,70,0.0523070410303,ucb
3,70,0.0453105872693,causal
3,71,0.0833289657971,ucb
3,71,0.0484807109681,causal
3,72,0.0684072027892,ucb
3,72,0.0637536830156,causal
3,73,0.0530741555113,ucb
3,73,0.057586729552,causal
3,74,0.0815012924402,ucb
3,74,0.0388409470677,causal
3,75,0.0825271925293,ucb
3,75,0.0541578202451,causal
3,76,0.0753435813197,ucb
3,76,0.0694354134641,causal
3,77,0.0987243988912,ucb
3,77,0.057078400679,causal
3,78,0.125501777569,ucb
3,78,0.0907598096859,causal
3,79,0.0889691057015,ucb
3,79,0.0645970468276,causal
3,80,0.106668192825,ucb
3,80,0.0847869454283,causal
3,81,0.0619745319601,ucb
3,81,0.0467500822142,causal
3,82,0.0462741015422,ucb
3,82,0.0627693734706,causal
3,83,0.118408279205,ucb
3,83,0.0768154244655,causal
3,84,0.0721364882483,ucb
3,84,0.0414080078763,causal
3,85,0.0803090301744,ucb
3,85,0.0432241283043,causal
3,86,0.0936850112913,ucb
3,86,0.0663946825693,causal
3,87,0.0759304701094,ucb
3,87,0.123674104212,causal
3,88,0.118838048161,ucb
3,88,0.0891400890497,causal
3,89,0.10380306645,ucb
3,89,0.0866700728441,causal
3,90,0.104720369007,ucb
3,90,0.0739110181322,causal
3,91,0.0962774885435,ucb
3,91,0.0762839897347,causal
3,92,0.143228591721,ucb
3,92,0.0521268153389,causal
3,93,0.122350138556,ucb
3,93,0.0344439023164,causal
3,94,0.0841446025797,ucb
3,94,0.055326976653,causal
3,95,0.112211288126,ucb
3,95,0.0484922638971,causal
3,96,0.109937671712,ucb
3,96,0.0833774880986,causal
3,97,0.105034608674,ucb
3,97,0.0654958646985,causal
3,98,0.0941887189927,ucb
3,98,0.0818848496807,causal
3,99,0.108158520657,ucb
3,99,0.0654219259533,causal
4,0,0.104708816078,ucb
4,0,0.0550335322581,causal
4,1,0.102964323809,ucb
4,1,0.0831348765911,causal
4,2,0.100850137815,ucb
4,2,0.0815729205995,causal
4,3,0.0725477725182,ucb
4,3,0.0414773254499,causal
4,4,0.102784098118,ucb
4,4,0.0586842578004,causal
4,5,0.0942880741815,ucb
4,5,0.102375124434,causal
4,6,0.114856908851,ucb
4,6,0.0465929623807,causal
4,7,0.0882551346935,ucb
4,7,0.0779799597018,causal
4,8,0.106166795709,ucb
4,8,0.09538560243,causal
4,9,0.0899603470038,ucb
4,9,0.0451211192349,causal
4,10,0.101584904095,ucb
4,10,0.070625365144,causal
4,11,0.0733033340704,ucb
4,11,0.0533814634209,causal
4,12,0.0875527166145,ucb
4,12,0.0993066665094,causal
4,13,0.0893827005572,ucb
4,13,0.0801958114709,causal
4,14,0.110787967282,ucb
4,14,0.0868271926776,causal
4,15,0.112028751849,ucb
4,15,0.0743269235737,causal
4,16,0.0842116095675,ucb
4,16,0.0598048919068,causal
4,17,0.113253362315,ucb
4,17,0.100838584886,causal
4,18,0.104909837041,ucb
4,18,0.0829754461718,causal
4,19,0.0859861394514,ucb
4,19,0.134078672007,causal
4,20,0.098662013075,ucb
4,20,0.0583030111457,causal
4,21,0.0890384232751,ucb
4,21,0.0589176269649,causal
4,22,0.110986677659,ucb
4,22,0.0823816256247,causal
4,23,0.0920814647556,ucb
4,23,0.0845720609502,causal
4,24,0.0611334787339,ucb
4,24,0.0682523935415,causal
4,25,0.101434716019,ucb
4,25,0.0704104806659,causal
4,26,0.0601098892306,ucb
4,26,0.0393377230118,causal
4,27,0.0967072574998,ucb
4,27,0.0733125764135,causal
4,28,0.114038961483,ucb
4,28,0.126245786192,causal
4,29,0.109440895768,ucb
4,29,0.102194898742,causal
4,30,0.103590492557,ucb
4,30,0.0589176269649,causal
4,31,0.12550639874,ucb
4,31,0.0686128449242,causal
4,32,0.111626709922,ucb
4,32,0.0985672790578,causal
4,33,0.0969475584216,ucb
4,33,0.0672334252098,causal
4,34,0.127123808791,ucb
4,34,0.0574966167063,causal
4,35,0.0918411638339,ucb
4,35,0.0824509431983,causal
4,36,0.0755607763836,ucb
4,36,0.0778343927973,causal
4,37,0.105198660264,ucb
4,37,0.0735135973769,causal
4,38,0.0830909754611,ucb
4,38,0.0602207973483,causal
4,39,0.115272814293,ucb
4,39,0.0762192933327,causal
4,40,0.100175446765,ucb
4,40,0.0562904909258,causal
4,41,0.120760455535,ucb
4,41,0.0619930166464,causal
4,42,0.0955519646067,ucb
4,42,0.0482103724311,causal
4,43,0.118283507572,ucb
4,43,0.0739410557474,causal
4,44,0.0826034418602,ucb
4,44,0.0745418080518,causal
4,45,0.117361583844,ucb
4,45,0.0826103736176,causal
4,46,0.107744925801,ucb
4,46,0.0438364335377,causal
4,47,0.113271847002,ucb
4,47,0.0725408407609,causal
4,48,0.108780068233,ucb
4,48,0.0804453547358,causal
4,49,0.0969591113505,ucb
4,49,0.0537881265193,causal
4,50,0.100415747687,ucb
4,50,0.0857042479854,causal
4,51,0.115767279651,ucb
4,51,0.0511656116518,causal
4,52,0.114669751402,ucb
4,52,0.10968119669,causal
4,53,0.109179799574,ucb
4,53,0.0414773254499,causal
4,54,0.11175379214,ucb
4,54,0.0766490622889,causal
4,55,0.100371846557,ucb
4,55,0.0534969927102,causal
4,56,0.10236588209,ucb
4,56,0.040384418373,causal
4,57,0.0731577671658,ucb
4,57,0.12459602794,causal
4,58,0.0733795834013,ucb
4,58,0.0566832905095,causal
4,59,0.112001024819,ucb
4,59,0.0633447093314,causal
4,60,0.113588397255,ucb
4,60,0.0727811416827,causal
4,61,0.10183444736,ucb
4,61,0.0949142429296,causal
4,62,0.119642132015,ucb
4,62,0.092596725386,causal
4,63,0.116585227019,ucb
4,63,0.0606598086477,causal
4,64,0.108116930113,ucb
4,64,0.0784674933027,causal
4,65,0.100163893836,ucb
4,65,0.0455370246764,causal
4,66,0.0943758764414,ucb
4,66,0.0888836140274,causal
4,67,0.116790869154,ucb
4,67,0.0641441720135,causal
4,68,0.100928697731,ucb
4,68,0.0997595413235,causal
4,69,0.104101132016,ucb
4,69,0.092867063923,causal
4,70,0.125497156397,ucb
4,70,0.0573094592576,causal
4,71,0.111178456279,ucb
4,71,0.0933384234234,causal
4,72,0.103139928329,ucb
4,72,0.0755769504841,causal
4,73,0.113361959847,ucb
4,73,0.0784166604154,causal
4,74,0.0902329961266,ucb
4,74,0.0890638397187,causal
4,75,0.0969175208064,ucb
4,75,0.0714733501276,causal
4,76,0.0766883422473,ucb
4,76,0.0382055359765,causal
4,77,0.110122518575,ucb
4,77,0.0852698578576,causal
4,78,0.105852556042,ucb
4,78,0.0746781326132,causal
4,79,0.0870744253567,ucb
4,79,0.0512788303554,causal
4,80,0.0896784555379,ucb
4,80,0.0515792065076,causal
4,81,0.110797209625,ucb
4,81,0.0713462679094,causal
4,82,0.0984956508984,ucb
4,82,0.105637671564,causal
4,83,0.0979942537828,ucb
4,83,0.0601884491473,causal
4,84,0.0903554571733,ucb
4,84,0.0654773800122,causal
4,85,0.0666650211063,ucb
4,85,0.0948957582433,causal
4,86,0.0963930178329,ucb
4,86,0.101328429072,causal
4,87,0.109256048905,ucb
4,87,0.119381035821,causal
4,88,0.10011768212,ucb
4,88,0.0737261712693,causal
4,89,0.0774785625862,ucb
4,89,0.0864066660645,causal
4,90,0.125515641083,ucb
4,90,0.0669677078443,causal
4,91,0.0797660425146,ucb
4,91,0.060645945133,causal
4,92,0.0463688355595,ucb
4,92,0.100501239361,causal
4,93,0.0876243447739,ucb
4,93,0.093569482002,causal
4,94,0.0757225173886,ucb
4,94,0.0880541137301,causal
4,95,0.121592266418,ucb
4,95,0.0620369177764,causal
4,96,0.0973981226499,ucb
4,96,0.0924095679373,causal
4,97,0.105739337338,ucb
4,97,0.093363839867,causal
4,98,0.100681465052,ucb
4,98,0.0819241296391,causal
4,99,0.102213383429,ucb
4,99,0.0645808727271,causal
5,0,0.0896114485501,ucb
5,0,0.102000809536,causal
5,1,0.11292756972,ucb
5,1,0.0658932854537,causal
5,2,0.119138424313,ucb
5,2,0.0661590028191,causal
5,3,0.115002475756,ucb
5,3,0.073772382985,causal
5,4,0.111640573437,ucb
5,4,0.0573949509317,causal
5,5,0.0921785093587,ucb
5,5,0.098900003411,causal
5,6,0.104212040134,ucb
5,6,0.129861852947,causal
5,7,0.115688719734,ucb
5,7,0.0998381012402,causal
5,8,0.0986874295187,ucb
5,8,0.0556111787047,causal
5,9,0.0992881818231,ucb
5,9,0.0889644845299,causal
5,10,0.117065828863,ucb
5,10,0.0664455154566,causal
5,11,0.11718828991,ucb
5,11,0.0999998422453,causal
5,12,0.11251628545,ucb
5,12,0.0731439036511,causal
5,13,0.111439552473,ucb
5,13,0.0609024201553,causal
5,14,0.118248848785,ucb
5,14,0.0592549724897,causal
5,15,0.101624184053,ucb
5,15,0.11523584492,causal
5,16,0.12369721007,ucb
5,16,0.0590262244968,causal
5,17,0.0814573913102,ucb
5,17,0.0752257414446,causal
5,18,0.099634769691,ucb
5,18,0.114482593954,causal
5,19,0.125115909742,ucb
5,19,0.0801056986252,causal
5,20,0.109956156398,ucb
5,20,0.0852028508698,causal
5,21,0.11078334611,ucb
5,21,0.0607684061797,causal
5,22,0.0882320288357,ucb
5,22,0.0894681922313,causal
5,23,0.11292756972,ucb
5,23,0.0766952740047,causal
5,24,0.102548418368,ucb
5,24,0.0945052692455,causal
5,25,0.103779960592,ucb
5,25,0.104579423274,causal
5,26,0.106102099307,ucb
5,26,0.0598765200662,causal
5,27,0.106755995084,ucb
5,27,0.0591024738278,causal
5,28,0.0810345541113,ucb
5,28,0.108671470701,causal
5,29,0.113696994786,ucb
5,29,0.0922108575597,causal
5,30,0.117241433383,ucb
5,30,0.0615586265186,causal
5,31,0.10597963826,ucb
5,31,0.0481734030586,causal
5,32,0.11436937525,ucb
5,32,0.0741975307697,causal
5,33,0.0831880200642,ucb
5,33,0.0651469662447,causal
5,34,0.0990501914871,ucb
5,34,0.0823839362105,causal
5,35,0.108927945724,ucb
5,35,0.079264645399,causal
5,36,0.109822142423,ucb
5,36,0.107578563624,causal
5,37,0.0945075798312,ucb
5,37,0.103077542513,causal
5,38,0.114813007721,ucb
5,38,0.079632028539,causal
5,39,0.120959165913,ucb
5,39,0.0808843660352,causal
5,40,0.0911988209853,ucb
5,40,0.0621778635093,causal
5,41,0.112160455239,ucb
5,41,0.0683725440024,causal
5,42,0.0927538452194,ucb
5,42,0.118632406026,causal
5,43,0.0903485254159,ucb
5,43,0.082973135586,causal
5,44,0.101963840164,ucb
5,44,0.0894404652019,causal
5,45,0.0982414864619,ucb
5,45,0.0661289652039,causal
5,46,0.111136865735,ucb
5,46,0.0751518026994,causal
5,47,0.106945463119,ucb
5,47,0.062635359495,causal
5,48,0.106437134246,ucb
5,48,0.0889598633583,causal
5,49,0.0808173590474,ucb
5,49,0.0589753916095,causal
5,50,0.1090781338,ucb
5,50,0.0773491697822,causal
5,51,0.113154007127,ucb
5,51,0.10600736529,causal
5,52,0.0803506207186,ucb
5,52,0.0994961345439,causal
5,53,0.122844603914,ucb
5,53,0.0798007013014,causal
5,54,0.110529181673,ucb
5,54,0.0703712007076,causal
5,55,0.106624291695,ucb
5,55,0.0916147264268,causal
5,56,0.0880194549433,ucb
5,56,0.0896345544079,causal
5,57,0.0706761980313,ucb
5,57,0.0716189170322,causal
5,58,0.115619402161,ucb
5,58,0.0661243440323,causal
5,59,0.111113759877,ucb
5,59,0.0832712011525,causal
5,60,0.109745893092,ucb
5,60,0.0752973696039,causal
5,61,0.11752794602,ucb
5,61,0.0895744791775,causal
5,62,0.117389310873,ucb
5,62,0.0633655046035,causal
5,63,0.109189041917,ucb
5,63,0.0885069885442,causal
5,64,0.109061959699,ucb
5,64,0.0631413777822,causal
5,65,0.0988953822394,ucb
5,65,0.0615378312465,causal
5,66,0.104902905284,ucb
5,66,0.0453752836714,causal
5,67,0.0937034959776,ucb
5,67,0.0663808190546,causal
5,68,0.0952677625549,ucb
5,68,0.117696618783,causal
5,69,0.110589256904,ucb
5,69,0.0650499216417,causal
5,70,0.1104760382,ucb
5,70,0.057683774155,causal
5,71,0.111481143017,ucb
5,71,0.123456909148,causal
5,72,0.117809837486,ucb
5,72,0.105894146586,causal
5,73,0.113255672901,ucb
5,73,0.0950713627631,causal
5,74,0.104105753188,ucb
5,74,0.0848909217887,causal
5,75,0.0865014000817,ucb
5,75,0.0701008621706,causal
5,76,0.104489310428,ucb
5,76,0.0548556171525,causal
5,77,0.100963356518,ucb
5,77,0.0734650750754,causal
5,78,0.0830077943728,ucb
5,78,0.0444626022858,causal
5,79,0.108722303589,ucb
5,79,0.0797290731421,causal
5,80,0.112218219883,ucb
5,80,0.0751980144151,causal
5,81,0.104052609714,ucb
5,81,0.0934192939259,causal
5,82,0.115150353246,ucb
5,82,0.074410104662,causal
5,83,0.106025849976,ucb
5,83,0.0744193470052,causal
5,84,0.108158520657,ucb
5,84,0.0582845264594,causal
5,85,0.117118972336,ucb
5,85,0.0954595411752,causal
5,86,0.11316324947,ucb
5,86,0.0943527705836,causal
5,87,0.114988612241,ucb
5,87,0.0652601849483,causal
5,88,0.100466580574,ucb
5,88,0.109447827525,causal
5,89,0.0875480954429,ucb
5,89,0.0827420770074,causal
5,90,0.111529665319,ucb
5,90,0.102596940669,causal
5,91,0.0790728667788,ucb
5,91,0.0859491700788,causal
5,92,0.0978533080498,ucb
5,92,0.109262980663,causal
5,93,0.0922408951749,ucb
5,93,0.0549087606256,causal
5,94,0.103886247538,ucb
5,94,0.0880171443575,causal
5,95,0.125425528238,ucb
5,95,0.0411330481677,causal
5,96,0.0847338019552,ucb
5,96,0.0849533076049,causal
5,97,0.113133211855,ucb
5,97,0.0707432050191,causal
5,98,0.0934539527127,ucb
5,98,0.0855656128383,causal
5,99,0.0897662577978,ucb
5,99,0.0585317591386,causal
6,0,0.116155458063,ucb
6,0,0.0746896855421,causal
6,1,0.11904137971,ucb
6,1,0.111582808792,causal
6,2,0.114667440817,ucb
6,2,0.0944821633876,causal
6,3,0.120298338378,ucb
6,3,0.0396727579508,causal
6,4,0.0895998956211,ucb
6,4,0.0915430982674,causal
6,5,0.0973981226499,ucb
6,5,0.0466045153097,causal
6,6,0.109667333175,ucb
6,6,0.0852421308282,causal
6,7,0.124189364842,ucb
6,7,0.10230580686,causal
6,8,0.1086229484,ucb
6,8,0.0867555645182,causal
6,9,0.0899765211043,ucb
6,9,0.0937219806639,causal
6,10,0.10625921914,ucb
6,10,0.110168730291,causal
6,11,0.115030202785,ucb
6,11,0.12122950445,causal
6,12,0.113479799723,ucb
6,12,0.0894520181308,causal
6,13,0.106769858599,ucb
6,13,0.107051750065,causal
6,14,0.111712201596,ucb
6,14,0.0952261720108,causal
6,15,0.105267977838,ucb
6,15,0.10163111581,causal
6,16,0.0741374555392,ucb
6,16,0.0735759831932,causal
6,17,0.103900111053,ucb
6,17,0.0893387994273,causal
6,18,0.118436006234,ucb
6,18,0.0771042476888,causal
6,19,0.121670826335,ucb
6,19,0.0888651293411,causal
6,20,0.0967003257424,ucb
6,20,0.0840152097757,causal
6,21,0.0827189711495,ucb
6,21,0.0678064504848,causal
6,22,0.114817628893,ucb
6,22,0.0894196699298,causal
6,23,0.110720960294,ucb
6,23,0.0671964558372,causal
6,24,0.112294469214,ucb
6,24,0.0953786706727,causal
6,25,0.11416142253,ucb
6,25,0.0725431513467,causal
6,26,0.101201346854,ucb
6,26,0.0705629793278,causal
6,27,0.101134339866,ucb
6,27,0.103505000883,causal
6,28,0.110069375102,ucb
6,28,0.0811870527732,causal
6,29,0.1100208528,ucb
6,29,0.0835946831625,causal
6,30,0.109720476648,ucb
6,30,0.0695509427534,causal
6,31,0.108442722708,ucb
6,31,0.0947432595814,causal
6,32,0.112659541768,ucb
6,32,0.0683517487303,causal
6,33,0.0897893636556,ucb
6,33,0.070701614475,causal
6,34,0.103384850422,ucb
6,34,0.0973264944905,causal
6,35,0.0802743713876,ucb
6,35,0.0778182186968,causal
6,36,0.112269052771,ucb
6,36,0.0887680847381,causal
6,37,0.0998427224118,ucb
6,37,0.0766606152179,causal
6,38,0.110115586818,ucb
6,38,0.0490883950299,causal
6,39,0.109822142423,ucb
6,39,0.0337553477521,causal
6,40,0.0976499765006,ucb
6,40,0.0692667407017,causal
6,41,0.0948033348119,ucb
6,41,0.0646039785849,causal
6,42,0.115450729398,ucb
6,42,0.0610295023735,causal
6,43,0.1155154258,ucb
6,43,0.0619883954749,causal
6,44,0.119552019169,ucb
6,44,0.0480832902129,causal
6,45,0.118415210962,ucb
6,45,0.0665032801013,causal
6,46,0.115187322619,ucb
6,46,0.0609624953857,causal
6,47,0.0923402503637,ucb
6,47,0.105658466836,causal
6,48,0.110815694311,ucb
6,48,0.0786754460235,causal
6,49,0.11651359886,ucb
6,49,0.0873840438521,causal
6,50,0.0872731357343,ucb
6,50,0.0847777030851,causal
6,51,0.0892348230669,ucb
6,51,0.0936295572324,causal
6,52,0.115145732074,ucb
6,52,0.0963814649039,causal
6,53,0.0956905997538,ucb
6,53,0.084368729401,causal
6,54,0.11141413603,ucb
6,54,0.0763879660951,causal
6,55,0.111060616404,ucb
6,55,0.0802374020151,causal
6,56,0.122098284705,ucb
6,56,0.0660665793877,causal
6,57,0.112544012479,ucb
6,57,0.0814250431092,causal
6,58,0.113260294073,ucb
6,58,0.0738116629434,causal
6,59,0.118468354435,ucb
6,59,0.0803321360323,causal
6,60,0.110720960294,ucb
6,60,0.103287805819,causal
6,61,0.104061852058,ucb
6,61,0.0611658269349,causal
6,62,0.0972410028164,ucb
6,62,0.075426762408,causal
6,63,0.103079853098,ucb
6,63,0.0706299863156,causal
6,64,0.107365989732,ucb
6,64,0.105002260473,causal
6,65,0.116215533294,ucb
6,65,0.0740727591372,causal
6,66,0.107167279354,ucb
6,66,0.0978325127777,causal
6,67,0.100771577898,ucb
6,67,0.109547182714,causal
6,68,0.108493555596,ucb
6,68,0.103461099753,causal
6,69,0.106166795709,ucb
6,69,0.0595853862571,causal
6,70,0.0903092454575,ucb
6,70,0.0952146190819,causal
6,71,0.0912981761741,ucb
6,71,0.0832273000225,causal
6,72,0.112925259134,ucb
6,72,0.0784582509596,causal
6,73,0.106876145545,ucb
6,73,0.0839597557168,causal
6,74,0.107435307306,ucb
6,74,0.0718569073681,causal
6,75,0.107264323957,ucb
6,75,0.072550083104,causal
6,76,0.107393716761,ucb
6,76,0.072453038501,causal
6,77,0.107987537309,ucb
6,77,0.0862472356452,causal
6,78,0.1095494933,ucb
6,78,0.101929181377,causal
6,79,0.106605807008,ucb
6,79,0.0646709855728,causal
6,80,0.115180390861,ucb
6,80,0.0588691046634,causal
6,81,0.104796618338,ucb
6,81,0.0973819485494,causal
6,82,0.0958315454868,ucb
6,82,0.090336972487,causal
6,83,0.114147559015,ucb
6,83,0.0991980689774,causal
6,84,0.107959810279,ucb
6,84,0.0796805508406,causal
6,85,0.105776306711,ucb
6,85,0.0514290184315,causal
6,86,0.109778241293,ucb
6,86,0.0861317063559,causal
6,87,0.120725796748,ucb
6,87,0.0715403571154,causal
6,88,0.116173942749,ucb
6,88,0.0835230550032,causal
6,89,0.102273458659,ucb
6,89,0.0875434742713,causal
6,90,0.113463625622,ucb
6,90,0.0509276213158,causal
6,91,0.0787493847687,ucb
6,91,0.0758149408201,causal
6,92,0.109796725979,ucb
6,92,0.0693799594052,causal
6,93,0.0920329424541,ucb
6,93,0.0726378853639,causal
6,94,0.110337403053,ucb
6,94,0.0882135441494,causal
6,95,0.109507902756,ucb
6,95,0.0826889335343,causal
6,96,0.0863535225914,ucb
6,96,0.066960776087,causal
6,97,0.127026764188,ucb
6,97,0.105806344326,causal
6,98,0.0988699657958,ucb
6,98,0.0568912432303,causal
6,99,0.114288504748,ucb
6,99,0.11219280344,causal
7,0,0.102280390416,ucb
7,0,0.0835808196478,causal
7,1,0.110217252592,ucb
7,1,0.0533514258057,causal
7,2,0.114873082952,ucb
7,2,0.0825179501861,causal
7,3,0.104785065409,ucb
7,3,0.0845119857197,causal
7,4,0.104949117,ucb
7,4,0.0668544891408,causal
7,5,0.112146591724,ucb
7,5,0.0802789925592,causal
7,6,0.114198391902,ucb
7,6,0.0774901155151,causal
7,7,0.10899033154,ucb
7,7,0.0864436354371,causal
7,8,0.123607097224,ucb
7,8,0.0990686761734,causal
7,9,0.105688504451,ucb
7,9,0.104392265825,causal
7,10,0.0940223568161,ucb
7,10,0.103056747241,causal
7,11,0.111832352057,ucb
7,11,0.101739713342,causal
7,12,0.11238458206,ucb
7,12,0.0897362201825,causal
7,13,0.117389310873,ucb
7,13,0.114810697135,causal
7,14,0.0946670102505,ucb
7,14,0.100059917476,causal
7,15,0.118033964307,ucb
7,15,0.0769494384411,causal
7,16,0.104242077749,ucb
7,16,0.0722381540229,causal
7,17,0.113167870641,ucb
7,17,0.0855378858088,causal
7,18,0.114810697135,ucb
7,18,0.0929941461412,causal
7,19,0.106099788721,ucb
7,19,0.088379906326,causal
7,20,0.117172115809,ucb
7,20,0.0754752847095,causal
7,21,0.0974327814367,ucb
7,21,0.0809305777509,causal
7,22,0.107384474418,ucb
7,22,0.078897262259,causal
7,23,0.104798928923,ucb
7,23,0.100519724047,causal
7,24,0.110767172009,ucb
7,24,0.0903462148301,causal
7,25,0.111201562137,ucb
7,25,0.0881396054042,causal
7,26,0.0941679237207,ucb
7,26,0.0947132219662,causal
7,27,0.099267386551,ucb
7,27,0.091471470108,causal
7,28,0.120580229844,ucb
7,28,0.0834537374296,causal
7,29,0.103045194312,ucb
7,29,0.0804938770373,causal
7,30,0.117911503261,ucb
7,30,0.0670185407316,causal
7,31,0.107546215423,ucb
7,31,0.0653641613086,causal
7,32,0.100420368858,ucb
7,32,0.0887241836081,causal
7,33,0.0952538990402,ucb
7,33,0.0718892555692,causal
7,34,0.10505309336,ucb
7,34,0.0819379931538,causal
7,35,0.0967465374582,ucb
7,35,0.0722681916381,causal
7,36,0.113666957171,ucb
7,36,0.0940801214608,causal
7,37,0.118960509208,ucb
7,37,0.0560016677026,causal
7,38,0.111689095738,ucb
7,38,0.0919104814074,causal
7,39,0.113290331688,ucb
7,39,0.069317573589,causal
7,40,0.105563732819,ucb
7,40,0.0645184869109,causal
7,41,0.108583668441,ucb
7,41,0.0808358437337,causal
7,42,0.112169697582,ucb
7,42,0.0983315993076,causal
7,43,0.104438477541,ucb
7,43,0.0976384235717,causal
7,44,0.11482456065,ucb
7,44,0.0630073638066,causal
7,45,0.0971693746571,ucb
7,45,0.085212093213,causal
7,46,0.112294469214,ucb
7,46,0.125603443343,causal
7,47,0.0928277839646,ucb
7,47,0.0551583038906,causal
7,48,0.111240842096,ucb
7,48,0.0931420236315,causal
7,49,0.106853039687,ucb
7,49,0.105649224493,causal
7,50,0.116786247983,ucb
7,50,0.0977747481331,causal
7,51,0.113780175875,ucb
7,51,0.0892602395106,causal
7,52,0.108202421787,ucb
7,52,0.108786999991,causal
7,53,0.111897048459,ucb
7,53,0.0890869455766,causal
7,54,0.121342723153,ucb
7,54,0.0576421836108,causal
7,55,0.110764861424,ucb
7,55,0.0688231082307,causal
7,56,0.106143689851,ucb
7,56,0.109842937695,causal
7,57,0.105753200853,ucb
7,57,0.0802743713876,causal
7,58,0.124905646436,ucb
7,58,0.0734489009749,causal
7,59,0.111728375697,ucb
7,59,0.0953671177437,causal
7,60,0.115702583249,ucb
7,60,0.10414272256,causal
7,61,0.105621497463,ucb
7,61,0.110298123095,causal
7,62,0.112146591724,ucb
7,62,0.102509138409,causal
7,63,0.10846351798,ucb
7,63,0.0984540603542,causal
7,64,0.109346161751,ucb
7,64,0.0778990891993,causal
7,65,0.115938262999,ucb
7,65,0.0805470205104,causal
7,66,0.118512255565,ucb
7,66,0.0896715237805,causal
7,67,0.10187834849,ucb
7,67,0.0615447630039,causal
7,68,0.0961480957395,ucb
7,68,0.06746910496,causal
7,69,0.107973673794,ucb
7,69,0.0578963480473,causal
7,70,0.100471201746,ucb
7,70,0.0782133288663,causal
7,71,0.0969960807231,ucb
7,71,0.109521766271,causal
7,72,0.124829397105,ucb
7,72,0.0725523936898,causal
7,73,0.118142561839,ucb
7,73,0.098597316673,causal
7,74,0.107148794668,ucb
7,74,0.09850027207,causal
7,75,0.109098929072,ucb
7,75,0.0762169827469,causal
7,76,0.105947290059,ucb
7,76,0.0980612607706,causal
7,77,0.102934286194,ucb
7,77,0.0840914591066,causal
7,78,0.0904039794748,ucb
7,78,0.0715172512576,causal
7,79,0.124822465347,ucb
7,79,0.0929363814966,causal
7,80,0.0952446566971,ucb
7,80,0.0670878583052,causal
7,81,0.11508796743,ucb
7,81,0.0653133284213,causal
7,82,0.125069698027,ucb
7,82,0.0945376174465,causal
7,83,0.116841702042,ucb
7,83,0.0628202063579,causal
7,84,0.114554222113,ucb
7,84,0.0833474504834,causal
7,85,0.0866377246431,ucb
7,85,0.0798746400466,causal
7,86,0.0967280527719,ucb
7,86,0.0692182184002,causal
7,87,0.117486355476,ucb
7,87,0.0931836141757,causal
7,88,0.114843045336,ucb
7,88,0.0723698574127,causal
7,89,0.119117629041,ucb
7,89,0.0853484177743,causal
7,90,0.0980219808122,ucb
7,90,0.051142505794,causal
7,91,0.0956374562807,ucb
7,91,0.064624773857,causal
7,92,0.106409407216,ucb
7,92,0.0804984982089,causal
7,93,0.107486140193,ucb
7,93,0.0919867307384,causal
7,94,0.108364162792,ucb
7,94,0.071436380755,causal
7,95,0.115064861572,ucb
7,95,0.0649459452813,causal
7,96,0.109519455685,ucb
7,96,0.115901293627,causal
7,97,0.105505968174,ucb
7,97,0.103913974567,causal
7,98,0.0934262256833,ucb
7,98,0.069999196396,causal
7,99,0.116677650451,ucb
7,99,0.100418058273,causal
8,0,0.106268461484,ucb
8,0,0.100115371535,causal
8,1,0.111506559461,ucb
8,1,0.0924927490256,causal
8,2,0.102280390416,ucb
8,2,0.0781763594937,causal
8,3,0.109334608822,ucb
8,3,0.106688988097,causal
8,4,0.121823324997,ucb
8,4,0.068917842248,causal
8,5,0.110494522887,ucb
8,5,0.0835877514052,causal
8,6,0.117407795559,ucb
8,6,0.0797937695441,causal
8,7,0.104778133651,ucb
8,7,0.0857204220859,causal
8,8,0.102414404392,ucb
8,8,0.0589892551242,causal
8,9,0.115457661156,ucb
8,9,0.086011555895,causal
8,10,0.114300057677,ucb
8,10,0.0797198307989,causal
8,11,0.113900326336,ucb
8,11,0.0923379397779,causal
8,12,0.118999789166,ucb
8,12,0.0799416470344,causal
8,13,0.111608225236,ucb
8,13,0.100346430113,causal
8,14,0.11554315283,ucb
8,14,0.0747613137015,causal
8,15,0.112195114025,ucb
8,15,0.0868341244349,causal
8,16,0.0901521256241,ucb
8,16,0.0656807115614,causal
8,17,0.116088451075,ucb
8,17,0.0839458922021,causal
8,18,0.101769750958,ucb
8,18,0.0816029582148,causal
8,19,0.106025849976,ucb
8,19,0.103264699961,causal
8,20,0.118165667697,ucb
8,20,0.0595114475119,causal
8,21,0.102539176024,ucb
8,21,0.0607152627066,causal
8,22,0.117754383427,ucb
8,22,0.046373456731,causal
8,23,0.0960857099233,ucb
8,23,0.0678942527446,causal
8,24,0.10963729556,ucb
8,24,0.0926729747169,causal
8,25,0.118405968619,ucb
8,25,0.0558376161117,causal
8,26,0.116502045931,ucb
8,26,0.118211879413,causal
8,27,0.11707276062,ucb
8,27,0.0925713089423,causal
8,28,0.112093448251,ucb
8,28,0.0708286966932,causal
8,29,0.105725473824,ucb
8,29,0.0714178960687,causal
8,30,0.117839875101,ucb
8,30,0.080692587415,causal
8,31,0.116118488691,ucb
8,31,0.0488642682087,causal
8,32,0.121259542065,ucb
8,32,0.0822152634481,causal
8,33,0.10446620457,ucb
8,33,0.0913004867599,causal
8,34,0.120885227168,ucb
8,34,0.0751079015695,causal
8,35,0.110060132759,ucb
8,35,0.0852536837571,causal
8,36,0.112835146288,ucb
8,36,0.0504724359159,causal
8,37,0.100857069572,ucb
8,37,0.0783727592855,causal
8,38,0.115247397849,ucb
8,38,0.0744701798924,causal
8,39,0.0986042484304,ucb
8,39,0.0488272988361,causal
8,40,0.115205807305,ucb
8,40,0.0864574989518,causal
8,41,0.115635576261,ucb
8,41,0.0854131141764,causal
8,42,0.114360132907,ucb
8,42,0.0861039793265,causal
8,43,0.106363195501,ucb
8,43,0.102035468323,causal
8,44,0.110439068828,ucb
8,44,0.0872130605039,causal
8,45,0.106767548013,ucb
8,45,0.0337414842373,causal
8,46,0.117830632758,ucb
8,46,0.0965570694237,causal
8,47,0.119272438289,ucb
8,47,0.0774000026695,causal
8,48,0.0952746943123,ucb
8,48,0.0607730273513,causal
8,49,0.101605699367,ucb
8,49,0.0809328883367,causal
8,50,0.10011768212,ucb
8,50,0.0909123083478,causal
8,51,0.119002099752,ucb
8,51,0.0715680841449,causal
8,52,0.0978371339493,ucb
8,52,0.0699784011239,causal
8,53,0.111467279503,ucb
8,53,0.100203173794,causal
8,54,0.120808977837,ucb
8,54,0.103019777868,causal
8,55,0.11723219104,ucb
8,55,0.060407954797,causal
8,56,0.112511664278,ucb
8,56,0.0837749088539,causal
8,57,0.0972641086743,ucb
8,57,0.0906904921123,causal
8,58,0.122736006382,ucb
8,58,0.109487107484,causal
8,59,0.113350406919,ucb
8,59,0.0868595408786,causal
8,60,0.124136221369,ucb
8,60,0.107467655507,causal
8,61,0.098564968472,ucb
8,61,0.102839552177,causal
8,62,0.0980219808122,ucb
8,62,0.0887218730223,causal
8,63,0.103387161008,ucb
8,63,0.103324775192,causal
8,64,0.115878187769,ucb
8,64,0.0556389057341,causal
8,65,0.114974748726,ucb
8,65,0.112373029131,causal
8,66,0.102650084142,ucb
8,66,0.0724715231873,causal
8,67,0.114346269392,ucb
8,67,0.0714756607134,causal
8,68,0.106735199812,ucb
8,68,0.070398927737,causal
8,69,0.117317682714,ucb
8,69,0.0481849559875,causal
8,70,0.102982808495,ucb
8,70,0.0757872137906,causal
8,71,0.110921981257,ucb
8,71,0.0703111254771,causal
8,72,0.108244012331,ucb
8,72,0.0870166607121,causal
8,73,0.11065164272,ucb
8,73,0.0943758764414,causal
8,74,0.109974641085,ucb
8,74,0.066105859346,causal
8,75,0.118006237278,ucb
8,75,0.0596778096886,causal
8,76,0.116416554257,ucb
8,76,0.0957252585406,causal
8,77,0.111580498206,ucb
8,77,0.0768223562229,causal
8,78,0.121562228803,ucb
8,78,0.0870836676999,causal
8,79,0.108375715721,ucb
8,79,0.113646161899,causal
8,80,0.116890224343,ucb
8,80,0.126243475606,causal
8,81,0.107867386848,ucb
8,81,0.0569166596739,causal
8,82,0.1178075269,ucb
8,82,0.0821921575903,causal
8,83,0.116141594548,ucb
8,83,0.106162174537,causal
8,84,0.116005269987,ucb
8,84,0.0877398740632,causal
8,85,0.108121551284,ucb
8,85,0.0768177350513,causal
8,86,0.100286354883,ucb
8,86,0.10872692476,causal
8,87,0.117929987947,ucb
8,87,0.0919405190227,causal
8,88,0.114392481108,ucb
8,88,0.0813233773346,causal
8,89,0.10825556526,ucb
8,89,0.0554286424276,causal
8,90,0.106291567341,ucb
8,90,0.0590423985973,causal
8,91,0.100621389822,ucb
8,91,0.099775715424,causal
8,92,0.106575769393,ucb
8,92,0.0931304707026,causal
8,93,0.109394684052,ucb
8,93,0.107511556637,causal
8,94,0.108451965052,ucb
8,94,0.0567364339826,causal
8,95,0.113066204867,ucb
8,95,0.0803899006769,causal
8,96,0.120217467875,ucb
8,96,0.0672750157539,causal
8,97,0.106672813996,ucb
8,97,0.108549009655,causal
8,98,0.113849493448,ucb
8,98,0.0675638389772,causal
8,99,0.11521967082,ucb
8,99,0.0686983365983,causal
9,0,0.122165291693,ucb
9,0,0.105103926247,causal
9,1,0.113181734156,ucb
9,1,0.0660296100151,causal
9,2,0.0955219269914,ucb
9,2,0.100036811618,causal
9,3,0.106688988097,ucb
9,3,0.0771296641325,causal
9,4,0.0987128459623,ucb
9,4,0.0840521791482,causal
9,5,0.115300541322,ucb
9,5,0.0915038183091,causal
9,6,0.114034340311,ucb
9,6,0.102615425355,causal
9,7,0.102700917029,ucb
9,7,0.093980766272,causal
9,8,0.103352502221,ucb
9,8,0.108994952711,causal
9,9,0.104907526455,ucb
9,9,0.0564314366588,causal
9,10,0.112885979175,ucb
9,10,0.0642989812612,causal
9,11,0.113054651938,ucb
9,11,0.0751933932436,causal
9,12,0.102243421044,ucb
9,12,0.0709442259826,causal
9,13,0.111092964605,ucb
9,13,0.0810253117682,causal
9,14,0.105355780098,ucb
9,14,0.0946439043926,causal
9,15,0.110838800169,ucb
9,15,0.0726332641923,causal
9,16,0.113981196838,ucb
9,16,0.0695948438834,causal
9,17,0.114642024373,ucb
9,17,0.0641742096287,causal
9,18,0.124166258984,ucb
9,18,0.0786754460235,causal
9,19,0.113921121608,ucb
9,19,0.0791860854823,causal
9,20,0.1081839371,ucb
9,20,0.075047826339,causal
9,21,0.0998866235417,ucb
9,21,0.095353254229,causal
9,22,0.114743690148,ucb
9,22,0.0669746396017,causal
9,23,0.111245463267,ucb
9,23,0.0892648606821,causal
9,24,0.115277435464,ucb
9,24,0.0660180570862,causal
9,25,0.115381411825,ucb
9,25,0.113172491813,causal
9,26,0.113160938884,ucb
9,26,0.0765635706148,causal
9,27,0.115309783665,ucb
9,27,0.113789418218,causal
9,28,0.114933158182,ucb
9,28,0.0956097292513,causal
9,29,0.115915157141,ucb
9,29,0.0552045156063,causal
9,30,0.115524668143,ucb
9,30,0.062365020958,causal
9,31,0.111816177956,ucb
9,31,0.0748121465888,causal
9,32,0.101009568234,ucb
9,32,0.124293341202,causal
9,33,0.10990070234,ucb
9,33,0.102652394728,causal
9,34,0.105164001478,ucb
9,34,0.0683263322867,causal
9,35,0.123119563623,ucb
9,35,0.121633856962,causal
9,36,0.103463410339,ucb
9,36,0.0789041940164,causal
9,37,0.112731169928,ucb
9,37,0.087169159374,causal
9,38,0.11614621572,ucb
9,38,0.0904039794748,causal
9,39,0.115242776677,ucb
9,39,0.0957137056117,causal
9,40,0.0918088156328,ucb
9,40,0.104688020806,causal
9,41,0.112777381644,ucb
9,41,0.0522030646699,causal
9,42,0.108449654466,ucb
9,42,0.0759951665114,causal
9,43,0.108803174091,ucb
9,43,0.0585987661264,causal
9,44,0.110968192973,ucb
9,44,0.112916016791,causal
9,45,0.113133211855,ucb
9,45,0.0592642148328,causal
9,46,0.103038262554,ucb
9,46,0.100052985718,causal
9,47,0.102446752593,ucb
9,47,0.0769563701985,causal
9,48,0.113253362315,ucb
9,48,0.0927838828347,causal
9,49,0.113114727168,ucb
9,49,0.0883544898823,causal
9,50,0.112336059758,ucb
9,50,0.0798769506324,causal
9,51,0.100847827229,ucb
9,51,0.0641418614277,causal
9,52,0.109519455685,ucb
9,52,0.0928324051362,causal
9,53,0.110988988245,ucb
9,53,0.0842254730822,causal
9,54,0.115406828268,ucb
9,54,0.0684626568481,causal
9,55,0.116800111497,ucb
9,55,0.0855494387378,causal
9,56,0.116116178105,ucb
9,56,0.0782965099546,causal
9,57,0.107326709774,ucb
9,57,0.0318629779931,causal
9,58,0.10809613484,ucb
9,58,0.0875896859871,causal
9,59,0.0997248825367,ucb
9,59,0.0997664730809,causal
9,60,0.115476145842,ucb
9,60,0.113965022738,causal
9,61,0.0995331039164,ucb
9,61,0.0856672786129,causal
9,62,0.0967927491739,ucb
9,62,0.112102690594,causal
9,63,0.120448526454,ucb
9,63,0.0815821629427,causal
9,64,0.115693340906,ucb
9,64,0.0730283743618,causal
9,65,0.100519724047,ucb
9,65,0.0775039790299,causal
9,66,0.113290331688,ucb
9,66,0.113775554703,causal
9,67,0.116800111497,ucb
9,67,0.0817878050777,causal
9,68,0.110376683012,ucb
9,68,0.0948818947286,causal
9,69,0.0978070963341,ucb
9,69,0.0878900621393,causal
9,70,0.095732190298,ucb
9,70,0.0647587878326,causal
9,71,0.110496833472,ucb
9,71,0.110182593806,causal
9,72,0.096402260176,ucb
9,72,0.102181035228,causal
9,73,0.109625742631,ucb
9,73,0.114568085628,causal
9,74,0.110513007573,ucb
9,74,0.0852721684434,causal
9,75,0.121717038051,ucb
9,75,0.089687697881,causal
9,76,0.104711126664,ucb
9,76,0.0728088687121,causal
9,77,0.0916678698999,ucb
9,77,0.0749392288071,causal
9,78,0.101300702043,ucb
9,78,0.097991943197,causal
9,79,0.116275608524,ucb
9,79,0.101293770286,causal
9,80,0.114477972782,ucb
9,80,0.0957830231853,causal
9,81,0.112255189256,ucb
9,81,0.085752770287,causal
9,82,0.105690815037,ucb
9,82,0.0805816792972,causal
9,83,0.117082002963,ucb
9,83,0.0797568001715,causal
9,84,0.117460939032,ucb
9,84,0.0998542753407,causal
9,85,0.115760347894,ucb
9,85,0.079599680338,causal
9,86,0.107696403499,ucb
9,86,0.0703111254771,causal
9,87,0.113140143612,ucb
9,87,0.101460132462,causal
9,88,0.110866527198,ucb
9,88,0.105237940223,causal
9,89,0.103572007871,ucb
9,89,0.0601722750468,causal
9,90,0.114681304331,ucb
9,90,0.0683240217009,causal
9,91,0.10719731697,ucb
9,91,0.0936203148893,causal
9,92,0.0949720075743,ucb
9,92,0.101598767609,causal
9,93,0.115312094251,ucb
9,93,0.0678988739162,causal
9,94,0.116790869154,ucb
9,94,0.049984902315,causal
9,95,0.114787591278,ucb
9,95,0.0710343388282,causal
9,96,0.11579500668,ucb
9,96,0.0637675465303,causal
9,97,0.119810804777,ucb
9,97,0.0978094069199,causal
9,98,0.115965990029,ucb
9,98,0.114907741738,causal
9,99,0.114575017385,ucb
9,99,0.0748883959198,causal
10,0,0.105739337338,ucb
10,0,0.106474103618,causal
10,1,0.12187646847,ucb
10,1,0.0905379934504,causal
10,2,0.113040788423,ucb
10,2,0.0688346611597,causal
10,3,0.117294576856,ucb
10,3,0.0928716850945,causal
10,4,0.118637027198,ucb
10,4,0.0973519109342,causal
10,5,0.103870073437,ucb
10,5,0.0712515338921,causal
10,6,0.108805484677,ucb
10,6,0.104590976203,causal
10,7,0.110769482595,ucb
10,7,0.0692390136723,causal
10,8,0.116913330201,ucb
10,8,0.0753343389765,causal
10,9,0.112176629339,ucb
10,9,0.109771309536,causal
10,10,0.114373996422,ucb
10,10,0.0636127372826,causal
10,11,0.120681895618,ucb
10,11,0.077621818905,causal
10,12,0.0989831844993,ucb
10,12,0.109260670077,causal
10,13,0.109124345515,ucb
10,13,0.0935948984457,causal
10,14,0.115288988393,ucb
10,14,0.048027836154,causal
10,15,0.105325742483,ucb
10,15,0.103098337785,causal
10,16,0.111007472931,ucb
10,16,0.0799855481643,causal
10,17,0.116160079235,ucb
10,17,0.120640305074,causal
10,18,0.123415318604,ucb
10,18,0.114050514412,causal
10,19,0.107731062286,ucb
10,19,0.100799304927,causal
10,20,0.10574395851,ucb
10,20,0.0788048388275,causal
10,21,0.113050030766,ucb
10,21,0.0841099437929,causal
10,22,0.110584635732,ucb
10,22,0.0929710402834,causal
10,23,0.114997854584,ucb
10,23,0.101943044892,causal
10,24,0.114297747091,ucb
10,24,0.0673720603569,causal
10,25,0.111446484231,ucb
10,25,0.0916840440004,causal
10,26,0.114916984082,ucb
10,26,0.0922131681454,causal
10,27,0.115959058271,ucb
10,27,0.103278563476,causal
10,28,0.104133480217,ucb
10,28,0.0881003254458,causal
10,29,0.108482002667,ucb
10,29,0.0832804434956,causal
10,30,0.108849385807,ucb
10,30,0.0982715240771,causal
10,31,0.120296027792,ucb
10,31,0.108953362167,causal
10,32,0.119288612389,ucb
10,32,0.0700361657685,causal
10,33,0.104854382982,ucb
10,33,0.106744442155,causal
10,34,0.110575393389,ucb
10,34,0.0746365420691,causal
10,35,0.114974748726,ucb
10,35,0.114191460145,causal
10,36,0.116550568233,ucb
10,36,0.108713061245,causal
10,37,0.117354652086,ucb
10,37,0.0571985511399,causal
10,38,0.119494254524,ucb
10,38,0.0820119318989,causal
10,39,0.115827354881,ucb
10,39,0.0979988749543,causal
10,40,0.113764001774,ucb
10,40,0.0874672249404,causal
10,41,0.118380552175,ucb
10,41,0.0814111795945,causal
10,42,0.109972330499,ucb
10,42,0.0695971544691,causal
10,43,0.0983500839939,ucb
10,43,0.0826265477181,causal
10,44,0.122317790355,ucb
10,44,0.0959724912198,causal
10,45,0.103410266866,ucb
10,45,0.0784952203322,causal
10,46,0.116478940073,ucb
10,46,0.0744817328214,causal
10,47,0.110649332134,ucb
10,47,0.0874371873252,causal
10,48,0.0998173059682,ucb
10,48,0.0626191853945,causal
10,49,0.118077865437,ucb
10,49,0.122673620566,causal
10,50,0.114406344623,ucb
10,50,0.0964600248207,causal
10,51,0.114293125919,ucb
10,51,0.0789642692468,causal
10,52,0.0986365966314,ucb
10,52,0.0731254189648,causal
10,53,0.115975232372,ucb
10,53,0.0610803352608,causal
10,54,0.115494630528,ucb
10,54,0.074248363657,causal
10,55,0.11605841346,ucb
10,55,0.0715149406718,causal
10,56,0.107761099901,ucb
10,56,0.0817577674624,causal
10,57,0.111645194608,ucb
10,57,0.069922947065,causal
10,58,0.103946322768,ucb
10,58,0.0876728670754,causal
10,59,0.109639606146,ucb
10,59,0.0908684072178,causal
10,60,0.107033265379,ucb
10,60,0.0697450319595,causal
10,61,0.106878456131,ucb
10,61,0.0628594863163,causal
10,62,0.110875769541,ucb
10,62,0.100212416138,causal
10,63,0.115677166805,ucb
10,63,0.105166312063,causal
10,64,0.121351965496,ucb
10,64,0.0633516410888,causal
10,65,0.110845731926,ucb
10,65,0.0918896861354,causal
10,66,0.112691889969,ucb
10,66,0.0910116635366,causal
10,67,0.113054651938,ucb
10,67,0.0796135438528,causal
10,68,0.0945699656475,ucb
10,68,0.0732663646978,causal
10,69,0.115078725087,ucb
10,69,0.092088396513,causal
10,70,0.113465936208,ucb
10,70,0.0714086537256,causal
10,71,0.117433212003,ucb
10,71,0.0822406798918,causal
10,72,0.111839283814,ucb
10,72,0.0762169827469,causal
10,73,0.105307257796,ucb
10,73,0.0602415926204,causal
10,74,0.105512899931,ucb
10,74,0.106208386253,causal
10,75,0.113244119972,ucb
10,75,0.0830886648753,causal
10,76,0.106878456131,ucb
10,76,0.0876358977028,causal
10,77,0.116673029279,ucb
10,77,0.0784051074865,causal
10,78,0.105884904243,ucb
10,78,0.0961712015974,causal
10,79,0.125416285895,ucb
10,79,0.072929019173,causal
10,80,0.112497800763,ucb
10,80,0.0636127372826,causal
10,81,0.123648687768,ucb
10,81,0.0971601323139,causal
10,82,0.113221014114,ucb
10,82,0.0897339095967,causal
10,83,0.104017950928,ucb
10,83,0.0748329418609,causal
10,84,0.103158413015,ucb
10,84,0.112786623987,causal
10,85,0.1008362743,ucb
10,85,0.0904548123621,causal
10,86,0.107067924166,ucb
10,86,0.0963213896735,causal
10,87,0.116097693418,ucb
10,87,0.0764110719529,causal
10,88,0.111947881346,ucb
10,88,0.0808081167043,causal
10,89,0.10752079898,ucb
10,89,0.0505117158743,causal
10,90,0.116044549945,ucb
10,90,0.0745279445371,causal
10,91,0.118345893388,ucb
10,91,0.107657123541,causal
10,92,0.116982647775,ucb
10,92,0.0832157470936,causal
10,93,0.106883077303,ucb
10,93,0.0941194014191,causal
10,94,0.115284367222,ucb
10,94,0.0907967790584,causal
10,95,0.112172008168,ucb
10,95,0.0529355203641,causal
10,96,0.116693824551,ucb
10,96,0.0843178965137,causal
10,97,0.123856640489,ucb
10,97,0.114644334959,causal
10,98,0.114339337635,ucb
10,98,0.083848847599,causal
10,99,0.120656479175,ucb
10,99,0.131063357556,causal
11,0,0.111185388037,ucb
11,0,0.0817670098056,causal
11,1,0.115201186133,ucb
11,1,0.0967627115587,causal
11,2,0.118105592467,ucb
11,2,0.0913143502746,causal
11,3,0.115695651492,ucb
11,3,0.0870790465283,causal
11,4,0.115686409148,ucb
11,4,0.0868318138492,causal
11,5,0.114297747091,ucb
11,5,0.0965686223526,causal
11,6,0.114464109268,ucb
11,6,0.0873216580358,causal
11,7,0.104147343732,ucb
11,7,0.0902745866707,causal
11,8,0.102047021252,ucb
11,8,0.0559485242295,causal
11,9,0.104244388335,ucb
11,9,0.093634178404,causal
11,10,0.100780820241,ucb
11,10,0.063490276236,causal
11,11,0.113911879265,ucb
11,11,0.0760390676413,causal
11,12,0.114383238765,ucb
11,12,0.0666650211063,causal
11,13,0.112188182268,ucb
11,13,0.0882782405514,causal
11,14,0.120208225532,ucb
11,14,0.0807064509297,causal
11,15,0.103629772516,ucb
11,15,0.110106344475,causal
11,16,0.108274049946,ucb
11,16,0.0680490619923,causal
11,17,0.118459112092,ucb
11,17,0.0940962955613,causal
11,18,0.116240949737,ucb
11,18,0.0627832369853,causal
11,19,0.101859863803,ucb
11,19,0.115965990029,causal
11,20,0.114380928179,ucb
11,20,0.0840822167635,causal
11,21,0.109484796898,ucb
11,21,0.117955404391,causal
11,22,0.102941217951,ucb
11,22,0.0975506213118,causal
11,23,0.116153147477,ucb
11,23,0.0959748018055,causal
11,24,0.107758789316,ucb
11,24,0.102823378076,causal
11,25,0.109584152087,ucb
11,25,0.109477865141,causal
11,26,0.111139176321,ucb
11,26,0.0885300944021,causal
11,27,0.108250944088,ucb
11,27,0.0809490624372,causal
11,28,0.123440735047,ucb
11,28,0.116310267311,causal
11,29,0.113824077005,ucb
11,29,0.0810322435255,causal
11,30,0.101312254972,ucb
11,30,0.0481318125144,causal
11,31,0.115938262999,ucb
11,31,0.0851196697815,causal
11,32,0.118204947656,ucb
11,32,0.107897424463,causal
11,33,0.115577811617,ucb
11,33,0.0831487401058,causal
11,34,0.111266258539,ucb
11,34,0.0871113947293,causal
11,35,0.108059165468,ucb
11,35,0.0757040327023,causal
11,36,0.111453415988,ucb
11,36,0.0743731352894,causal
11,37,0.10736136856,ucb
11,37,0.0652694272914,causal
11,38,0.113461315036,ucb
11,38,0.065814725537,causal
11,39,0.107543904838,ucb
11,39,0.0859676547651,causal
11,40,0.114050514412,ucb
11,40,0.0746573373411,causal
11,41,0.110256532551,ucb
11,41,0.0860577676107,causal
11,42,0.111515801804,ucb
11,42,0.10625921914,causal
11,43,0.120570987501,ucb
11,43,0.0797313837279,causal
11,44,0.11538372241,ucb
11,44,0.108719993003,causal
11,45,0.104475446913,ucb
11,45,0.0997156401936,causal
11,46,0.106314673199,ucb
11,46,0.089255618339,causal
11,47,0.120032621012,ucb
11,47,0.0849232699897,causal
11,48,0.10298049791,ucb
11,48,0.089049976204,causal
11,49,0.113560670225,ucb
11,49,0.0864182189934,causal
11,50,0.108317951076,ucb
11,50,0.0907782943722,causal
11,51,0.114228429517,ucb
11,51,0.10423052482,causal
11,52,0.114972438141,ucb
11,52,0.0845397127491,causal
11,53,0.10464180909,ucb
11,53,0.0936757689482,causal
11,54,0.118868085776,ucb
11,54,0.0787909753128,causal
11,55,0.119702207245,ucb
11,55,0.106652018724,causal
11,56,0.112183561096,ucb
11,56,0.116876360828,causal
11,57,0.122969375547,ucb
11,57,0.0885878590467,causal
11,58,0.112624882982,ucb
11,58,0.0576560471255,causal
11,59,0.112504732521,ucb
11,59,0.0758657737074,causal
11,60,0.113881841649,ucb
11,60,0.0974766825666,causal
11,61,0.113939606294,ucb
11,61,0.112587913609,causal
11,62,0.115968300614,ucb
11,62,0.102791029875,causal
11,63,0.105323431897,ucb
11,63,0.0912357903578,causal
11,64,0.117269160412,ucb
11,64,0.0749346076355,causal
11,65,0.107451481406,ucb
11,65,0.104706505492,causal
11,66,0.119374104063,ucb
11,66,0.0738555640733,causal
11,67,0.111434931302,ucb
11,67,0.0797637319289,causal
11,68,0.112613330053,ucb
11,68,0.0775802283608,causal
11,69,0.115048687471,ucb
11,69,0.0867994656481,causal
11,70,0.118255780543,ucb
11,70,0.114392481108,causal
11,71,0.107892803291,ucb
11,71,0.0920814647556,causal
11,72,0.121023862315,ucb
11,72,0.0458697490296,causal
11,73,0.107072545337,ucb
11,73,0.115286677807,causal
11,74,0.107851212747,ucb
11,74,0.0880356290438,causal
11,75,0.116751589196,ucb
11,75,0.0535547573549,causal
11,76,0.119806183605,ucb
11,76,0.0880356290438,causal
11,77,0.118186462969,ucb
11,77,0.0747821089736,causal
11,78,0.119249332431,ucb
11,78,0.0852213355561,causal
11,79,0.120894469511,ucb
11,79,0.0598903835809,causal
11,80,0.116411933085,ucb
11,80,0.102356639747,causal
11,81,0.111594361721,ucb
11,81,0.0947132219662,causal
11,82,0.115443797641,ucb
11,82,0.106719025712,causal
11,83,0.115912846556,ucb
11,83,0.0808358437337,causal
11,84,0.112698821727,ucb
11,84,0.0913813572624,causal
11,85,0.115268193121,ucb
11,85,0.119501186282,causal
11,86,0.110358198325,ucb
11,86,0.074507149265,causal
11,87,0.114623539687,ucb
11,87,0.0929155862245,causal
11,88,0.107853523333,ucb
11,88,0.063381678704,causal
11,89,0.114274641233,ucb
11,89,0.0853368648454,causal
11,90,0.114519563326,ucb
11,90,0.0970422924388,causal
11,91,0.112153523481,ucb
11,91,0.104969912272,causal
11,92,0.107340573288,ucb
11,92,0.0719239143559,causal
11,93,0.116344926098,ucb
11,93,0.100427300616,causal
11,94,0.108024506681,ucb
11,94,0.0698698035919,causal
11,95,0.112317575072,ucb
11,95,0.0954734046899,causal
11,96,0.113117037754,ucb
11,96,0.0949974240179,causal
11,97,0.116291782624,ucb
11,97,0.0668475573834,causal
11,98,0.114503389226,ucb
11,98,0.0821505670461,causal
11,99,0.115924399484,ucb
11,99,0.0687006471841,causal
12,0,0.114179907216,ucb
12,0,0.115912846556,causal
12,1,0.122336275041,ucb
12,1,0.0933984986538,causal
12,2,0.106631223452,ucb
12,2,0.100069159819,causal
12,3,0.11423767186,ucb
12,3,0.0896599708516,causal
12,4,0.115744173793,ucb
12,4,0.0813441726067,causal
12,5,0.112550944236,ucb
12,5,0.093645731333,causal
12,6,0.104309084737,ucb
12,6,0.0946693208363,causal
12,7,0.114593502072,ucb
12,7,0.0962520720999,causal
12,8,0.10866684953,ucb
12,8,0.0609971541725,causal
12,9,0.109387752295,ucb
12,9,0.0921091917851,causal
12,10,0.117068139449,ucb
12,10,0.114794523035,causal
12,11,0.112719616999,ucb
12,11,0.0999328352575,causal
12,12,0.115688719734,ucb
12,12,0.110378993597,causal
12,13,0.117671202339,ucb
12,13,0.0968089232744,causal
12,14,0.116668408108,ucb
12,14,0.105462067044,causal
12,15,0.116478940073,ucb
12,15,0.106289256756,causal
12,16,0.116328751997,ucb
12,16,0.0986481495603,causal
12,17,0.111994093062,ucb
12,17,0.119750729547,causal
12,18,0.11298764495,ucb
12,18,0.0849140276465,causal
12,19,0.115115694459,ucb
12,19,0.0837679770965,causal
12,20,0.10429060005,ucb
12,20,0.10234970799,causal
12,21,0.116238639151,ucb
12,21,0.0840383156335,causal
12,22,0.112398445575,ucb
12,22,0.0933545975239,causal
12,23,0.122565023034,ucb
12,23,0.0746758220274,causal
12,24,0.113759380603,ucb
12,24,0.071468728956,causal
12,25,0.118794147031,ucb
12,25,0.0931789930041,causal
12,26,0.112742722857,ucb
12,26,0.101148203381,causal
12,27,0.115811180781,ucb
12,27,0.0491577126035,causal
12,28,0.115607849232,ucb
12,28,0.0964738883354,causal
12,29,0.11170989101,ucb
12,29,0.113909568679,causal
12,30,0.105494415245,ucb
12,30,0.0818940920238,causal
12,31,0.102610804184,ucb
12,31,0.0948356830129,causal
12,32,0.116740036267,ucb
12,32,0.0565608294628,causal
12,33,0.117470181375,ucb
12,33,0.109574909744,causal
12,34,0.119369482892,ucb
12,34,0.0988098905653,causal
12,35,0.113904947507,ucb
12,35,0.116848633799,causal
12,36,0.11037206184,ucb
12,36,0.114473351611,causal
12,37,0.113465936208,ucb
12,37,0.0758472890211,causal
12,38,0.113934985122,ucb
12,38,0.088012523186,causal
12,39,0.115425312955,ucb
12,39,0.0734489009749,causal
12,40,0.12092219654,ucb
12,40,0.0650845804285,causal
12,41,0.110027784558,ucb
12,41,0.0838650216995,causal
12,42,0.115908225384,ucb
12,42,0.116012201744,causal
12,43,0.108969536268,ucb
12,43,0.0978810350792,causal
12,44,0.113930363951,ucb
12,44,0.0748791535766,causal
12,45,0.113542185539,ucb
12,45,0.101448579533,causal
12,46,0.114517252741,ucb
12,46,0.108678402459,causal
12,47,0.113817145247,ucb
12,47,0.0813395514351,causal
12,48,0.116393448399,ucb
12,48,0.0741952201839,causal
12,49,0.114970127555,ucb
12,49,0.0804361123927,causal
12,50,0.112504732521,ucb
12,50,0.0781740489079,causal
12,51,0.120711933234,ucb
12,51,0.109933050541,causal
12,52,0.098229933533,ucb
12,52,0.0945145115886,causal
12,53,0.114422518723,ucb
12,53,0.0870836676999,causal
12,54,0.115672545634,ucb
12,54,0.114651266716,causal
12,55,0.115046376886,ucb
12,55,0.115841218396,causal
12,56,0.112213598712,ucb
12,56,0.0957044632685,causal
12,57,0.106310052028,ucb
12,57,0.0639731886653,causal
12,58,0.10797598438,ucb
12,58,0.0868156397486,causal
12,59,0.114438692824,ucb
12,59,0.0957414326411,causal
12,60,0.100801615513,ucb
12,60,0.0686128449242,causal
12,61,0.0981559947878,ucb
12,61,0.0738185947007,causal
12,62,0.111598982893,ucb
12,62,0.0997780260098,causal
12,63,0.106164485123,ucb
12,63,0.0738624958307,causal
12,64,0.104865935911,ucb
12,64,0.0991171984749,causal
12,65,0.111148418664,ucb
12,65,0.087492641384,causal
12,66,0.121146323361,ucb
12,66,0.0710435811714,causal
12,67,0.115268193121,ucb
12,67,0.109743582506,causal
12,68,0.11526357195,ucb
12,68,0.0907320826564,causal
12,69,0.109577220329,ucb
12,69,0.0500819469181,causal
12,70,0.115679477391,ucb
12,70,0.0985603473004,causal
12,71,0.115272814293,ucb
12,71,0.111215425652,causal
12,72,0.111030578789,ucb
12,72,0.0955935551508,causal
12,73,0.110737134394,ucb
12,73,0.0984471285969,causal
12,74,0.11281204043,ucb
12,74,0.0770557253873,causal
12,75,0.113371202191,ucb
12,75,0.0946785631794,causal
12,76,0.116009891159,ucb
12,76,0.0690818938388,causal
12,77,0.101118165766,ucb
12,77,0.114032029725,causal
12,78,0.114182217802,ucb
12,78,0.0913374561324,causal
12,79,0.114131384914,ucb
12,79,0.0824671172988,causal
12,80,0.115697962077,ucb
12,80,0.0787516953545,causal
12,81,0.11097512473,ucb
12,81,0.090369320688,causal
12,82,0.110965882387,ucb
12,82,0.0882967252377,causal
12,83,0.110995920002,ucb
12,83,0.0722011846503,causal
12,84,0.105866419557,ucb
12,84,0.0973195627332,causal
12,85,0.116543636475,ucb
12,85,0.0419094049919,causal
12,86,0.0930357366854,ucb
12,86,0.104061852058,causal
12,87,0.115212739062,ucb
12,87,0.127770772811,causal
12,88,0.113327301061,ucb
12,88,0.103236972932,causal
12,89,0.111224667995,ucb
12,89,0.0960279452786,causal
12,90,0.113154007127,ucb
12,90,0.0745325657087,causal
12,91,0.110965882387,ucb
12,91,0.109205216018,causal
12,92,0.116476629487,ucb
12,92,0.112125796452,causal
12,93,0.118223432342,ucb
12,93,0.097948042067,causal
12,94,0.114020476797,ucb
12,94,0.086087805226,causal
12,95,0.115180390861,ucb
12,95,0.0924973701972,causal
12,96,0.111125312806,ucb
12,96,0.105838692527,causal
12,97,0.109110482001,ucb
12,97,0.0909839365071,causal
12,98,0.121118596332,ucb
12,98,0.068312468772,causal
12,99,0.121576092318,ucb
12,99,0.105221766122,causal
13,0,0.115554705759,ucb
13,0,0.112500111349,causal
13,1,0.102238799872,ucb
13,1,0.110404410041,causal
13,2,0.108585979027,ucb
13,2,0.0760852793571,causal
13,3,0.112920637962,ucb
13,3,0.111203872723,causal
13,4,0.105723163238,ucb
13,4,0.0819171978817,causal
13,5,0.112666473526,ucb
13,5,0.0947940924687,causal
13,6,0.113747827674,ucb
13,6,0.101730470999,causal
13,7,0.110688612093,ucb
13,7,0.0896276226506,causal
13,8,0.104720369007,ucb
13,8,0.0824555643699,causal
13,9,0.114450245753,ucb
13,9,0.060387159525,causal
13,10,0.116026065259,ucb
13,10,0.0451904368085,causal
13,11,0.115991406472,ucb
13,11,0.103805377035,causal
13,12,0.108218595887,ucb
13,12,0.104898284112,causal
13,13,0.11201719892,ucb
13,13,0.106370127258,causal
13,14,0.106360884915,ucb
13,14,0.0745810880102,causal
13,15,0.119822357706,ucb
13,15,0.106134447508,causal
13,16,0.112634125325,ucb
13,16,0.0899511046607,causal
13,17,0.115469214085,ucb
13,17,0.0963999495902,causal
13,18,0.108070718397,ucb
13,18,0.0754799058811,causal
13,19,0.106779100942,ucb
13,19,0.0985996272588,causal
13,20,0.110730202637,ucb
13,20,0.079632028539,causal
13,21,0.10890252928,ucb
13,21,0.0680259561345,causal
13,22,0.115004786342,ucb
13,22,0.0989808739135,causal
13,23,0.114572706799,ucb
13,23,0.0689224634195,causal
13,24,0.116368031955,ucb
13,24,0.0812517491752,causal
13,25,0.113930363951,ucb
13,25,0.0790405185778,causal
13,26,0.109535629785,ucb
13,26,0.107802690446,causal
13,27,0.107925151492,ucb
13,27,0.0723721679985,causal
13,28,0.114297747091,ucb
13,28,0.112668784112,causal
13,29,0.11651359886,ucb
13,29,0.10158721468,causal
13,30,0.116127731034,ucb
13,30,0.0768570150097,causal
13,31,0.11854229318,ucb
13,31,0.0739318134042,causal
13,32,0.11472058429,ucb
13,32,0.117564915393,causal
13,33,0.117442454346,ucb
13,33,0.0990640550018,causal
13,34,0.110002368114,ucb
13,34,0.0980312231553,causal
13,35,0.112902153276,ucb
13,35,0.0973888803068,causal
13,36,0.0977701269615,ucb
13,36,0.0867717386187,causal
13,37,0.113775554703,ucb
13,37,0.0928971015382,causal
13,38,0.115607849232,ucb
13,38,0.0854916740931,causal
13,39,0.11623401798,ucb
13,39,0.109875285896,causal
13,40,0.115328268352,ucb
13,40,0.110785656696,causal
13,41,0.104621013818,ucb
13,41,0.0879131679971,causal
13,42,0.113297263445,ucb
13,42,0.0725847418908,causal
13,43,0.104662604362,ucb
13,43,0.090055081021,causal
13,44,0.103301669334,ucb
13,44,0.114628160858,causal
13,45,0.117077381792,ucb
13,45,0.0975899012702,causal
13,46,0.1127519652,ucb
13,46,0.104759648965,causal
13,47,0.107423754377,ucb
13,47,0.0786223025504,causal
13,48,0.111123002221,ucb
13,48,0.111776897998,causal
13,49,0.108378026306,ucb
13,49,0.0936364889898,causal
13,50,0.115855081911,ucb
13,50,0.0700985515848,causal
13,51,0.107546215423,ucb
13,51,0.0768385303234,causal
13,52,0.116864807899,ucb
13,52,0.0500773257465,causal
13,53,0.117174426395,ucb
13,53,0.0925944148002,causal
13,54,0.111615156993,ucb
13,54,0.0764827001123,causal
13,55,0.111481143017,ucb
13,55,0.104863625325,causal
13,56,0.115321336594,ucb
13,56,0.101450890119,causal
13,57,0.111696027496,ucb
13,57,0.104272115364,causal
13,58,0.115640197433,ucb
13,58,0.0561426134355,causal
13,59,0.112490869006,ucb
13,59,0.0728273533984,causal
13,60,0.107858144504,ucb
13,60,0.105894146586,causal
13,61,0.114829181822,ucb
13,61,0.095115263893,causal
13,62,0.11541144944,ucb
13,62,0.101665774597,causal
13,63,0.11555932693,ucb
13,63,0.10409882143,causal
13,64,0.111702959253,ucb
13,64,0.08355771379,causal
13,65,0.114219187174,ucb
13,65,0.109526387442,causal
13,66,0.106143689851,ucb
13,66,0.0839412710305,causal
13,67,0.117518703677,ucb
13,67,0.118466043849,causal
13,68,0.106425581317,ucb
13,68,0.0663530920252,causal
13,69,0.10780037986,ucb
13,69,0.0900504598495,causal
13,70,0.11170989101,ucb
13,70,0.0616903299084,causal
13,71,0.125908440667,ucb
13,71,0.0845974773938,causal
13,72,0.115459971741,ucb
13,72,0.0854015612474,causal
13,73,0.109981572842,ucb
13,73,0.114609676172,causal
13,74,0.109736650749,ucb
13,74,0.0901059139083,causal
13,75,0.114538048013,ucb
13,75,0.0953001107559,causal
13,76,0.121236436207,ucb
13,76,0.0751518026994,causal
13,77,0.116740036267,ucb
13,77,0.0947201537236,causal
13,78,0.109598015602,ucb
13,78,0.0889506210152,causal
13,79,0.109535629785,ucb
13,79,0.0775940918755,causal
13,80,0.111700648667,ucb
13,80,0.0670324042463,causal
13,81,0.113040788423,ucb
13,81,0.0791514266955,causal
13,82,0.105397370642,ucb
13,82,0.0940547050171,causal
13,83,0.116492803588,ucb
13,83,0.108338746348,causal
13,84,0.122308548012,ucb
13,84,0.0836362737067,causal
13,85,0.117393932045,ucb
13,85,0.105880283071,causal
13,86,0.115071793329,ucb
13,86,0.0929733508691,causal
13,87,0.115212739062,ucb
13,87,0.0580904372534,causal
13,88,0.108994952711,ucb
13,88,0.0857435279438,causal
13,89,0.119032137367,ucb
13,89,0.0745048386792,causal
13,90,0.115531599901,ucb
13,90,0.104156586075,causal
13,91,0.114207634245,ucb
13,91,0.0911595410269,causal
13,92,0.101446268948,ucb
13,92,0.0930981225016,causal
13,93,0.116816285598,ucb
13,93,0.107867386848,causal
13,94,0.115023271028,ucb
13,94,0.0937219806639,causal
13,95,0.113292642274,ucb
13,95,0.0555742093321,causal
13,96,0.10994460347,ucb
13,96,0.0804522864932,causal
13,97,0.113595329012,ucb
13,97,0.0888743716842,causal
13,98,0.114380928179,ucb
13,98,0.101543313551,causal
13,99,0.110482969958,ucb
13,99,0.0962035497984,causal
14,0,0.110385925355,ucb
14,0,0.0754406259227,causal
14,1,0.107677918813,ucb
14,1,0.101827515602,causal
14,2,0.116023754673,ucb
14,2,0.0752026355867,causal
14,3,0.114882325295,ucb
14,3,0.0745626033239,causal
14,4,0.118362067489,ucb
14,4,0.0769517490269,causal
14,5,0.115767279651,ucb
14,5,0.106559595293,causal
14,6,0.114776038349,ucb
14,6,0.103927838082,causal
14,7,0.107832728061,ucb
14,7,0.0724784549447,causal
14,8,0.119381035821,ucb
14,8,0.0611565845918,causal
14,9,0.115684098563,ucb
14,9,0.0763001638352,causal
14,10,0.1150602404,ucb
14,10,0.068885494047,causal
14,11,0.106180659224,ucb
14,11,0.0643613670774,causal
14,12,0.113412792735,ucb
14,12,0.0538112323771,causal
14,13,0.116834770284,ucb
14,13,0.0695047310377,causal
14,14,0.113710858301,ucb
14,14,0.0899996269622,causal
14,15,0.116026065259,ucb
14,15,0.114376307008,causal
14,16,0.115469214085,ucb
14,16,0.10752079898,causal
14,17,0.116994200704,ucb
14,17,0.114313921191,causal
14,18,0.116700756309,ucb
14,18,0.0688762517038,causal
14,19,0.11266416294,ucb
14,19,0.101550245308,causal
14,20,0.104267494193,ucb
14,20,0.0917117710298,causal
14,21,0.11170989101,ucb
14,21,0.0903415936585,causal
14,22,0.109390062881,ucb
14,22,0.0890545973756,causal
14,23,0.116282540281,ucb
14,23,0.0946600784931,causal
14,24,0.113907258093,ucb
14,24,0.100043743375,causal
14,25,0.108514350868,ucb
14,25,0.0761684604454,causal
14,26,0.115469214085,ucb
14,26,0.11820263707,causal
14,27,0.112021820091,ucb
14,27,0.116474318902,causal
14,28,0.108495866182,ucb
14,28,0.0687699647576,causal
14,29,0.112234393984,ucb
14,29,0.102553039539,causal
14,30,0.12036303478,ucb
14,30,0.0768200456371,causal
14,31,0.117326925057,ucb
14,31,0.0942580365663,causal
14,32,0.109179799574,ucb
14,32,0.0826080630318,causal
14,33,0.119826978878,ucb
14,33,0.0946000032627,causal
14,34,0.111568945277,ucb
14,34,0.0975252048682,causal
14,35,0.116744657439,ucb
14,35,0.1200834539,causal
14,36,0.107587805967,ucb
14,36,0.0953994659448,causal
14,37,0.116167010992,ucb
14,37,0.0762008086464,causal
14,38,0.111975608376,ucb
14,38,0.0782941993688,causal
14,39,0.114796833621,ucb
14,39,0.0910671175954,causal
14,40,0.113204840014,ucb
14,40,0.0902376172982,causal
14,41,0.113752448845,ucb
14,41,0.0744794222356,causal
14,42,0.117685065854,ucb
14,42,0.0830563166743,causal
14,43,0.113322679889,ucb
14,43,0.115319026008,causal
14,44,0.116564431747,ucb
14,44,0.0969960807231,causal
14,45,0.112500111349,ucb
14,45,0.114020476797,causal
14,46,0.117375447358,ucb
14,46,0.0956929103396,causal
14,47,0.115492319942,ucb
14,47,0.0608562084396,causal
14,48,0.112705753484,ucb
14,48,0.0561333710924,causal
14,49,0.112070342393,ucb
14,49,0.0541716837598,causal
14,50,0.116982647775,ucb
14,50,0.0945561021328,causal
14,51,0.113699305372,ucb
14,51,0.116301024968,causal
14,52,0.111245463267,ucb
14,52,0.0954040871163,causal
14,53,0.118847290504,ucb
14,53,0.0925043019545,causal
14,54,0.114362443493,ucb
14,54,0.0770095136716,causal
14,55,0.105852556042,ucb
14,55,0.0708795295805,causal
14,56,0.117742830498,ucb
14,56,0.109750514263,causal
14,57,0.119780767162,ucb
14,57,0.0990756079308,causal
14,58,0.116522841203,ucb
14,58,0.0915939311547,causal
14,59,0.111910911974,ucb
14,59,0.0838904381432,causal
14,60,0.109098929072,ucb
14,60,0.0600844727869,causal
14,61,0.113643851313,ucb
14,61,0.116813975012,causal
14,62,0.103089095442,ucb
14,62,0.0859884500372,causal
14,63,0.114877704123,ucb
14,63,0.125333104806,causal
14,64,0.120067279799,ucb
14,64,0.0963398743598,causal
14,65,0.101393125474,ucb
14,65,0.0978302021919,causal
14,66,0.113322679889,ucb
14,66,0.0856025822108,causal
14,67,0.114364754079,ucb
14,67,0.0683887181029,causal
14,68,0.108213974716,ucb
14,68,0.11010865506,causal
14,69,0.118179531212,ucb
14,69,0.114746000733,causal
14,70,0.114205323659,ucb
14,70,0.0757802820333,causal
14,71,0.115154974418,ucb
14,71,0.0661243440323,causal
14,72,0.114112900228,ucb
14,72,0.0617457839673,causal
14,73,0.116929504301,ucb
14,73,0.103410266866,causal
14,74,0.120527086371,ucb
14,74,0.111834662643,causal
14,75,0.113740895916,ucb
14,75,0.083275822324,causal
14,76,0.107077166509,ucb
14,76,0.0979018303513,causal
14,77,0.115145732074,ucb
14,77,0.114022787382,causal
14,78,0.11256018658,ucb
14,78,0.105817897255,causal
14,79,0.113593018426,ucb
14,79,0.0984586815258,causal
14,80,0.117393932045,ucb
14,80,0.113234877629,causal
14,81,0.113285710517,ucb
14,81,0.0744563163777,causal
14,82,0.115247397849,ucb
14,82,0.093710427735,causal
14,83,0.109228321876,ucb
14,83,0.0733518563719,causal
14,84,0.111016715274,ucb
14,84,0.0725870524766,causal
14,85,0.112137349381,ucb
14,85,0.0952931789986,causal
14,86,0.1150602404,ucb
14,86,0.0752280520304,causal
14,87,0.116649923421,ucb
14,87,0.0729220874156,causal
14,88,0.108276360532,ucb
14,88,0.0974997884245,causal
14,89,0.114759864248,ucb
14,89,0.0816168217295,causal
14,90,0.114605055,ucb
14,90,0.0984817873837,causal
14,91,0.112617951224,ucb
14,91,0.076810803294,causal
14,92,0.10710951471,ucb
14,92,0.0725269772462,causal
14,93,0.110291191337,ucb
14,93,0.109875285896,causal
14,94,0.119046000882,ucb
14,94,0.0556250422194,causal
14,95,0.117407795559,ucb
14,95,0.088671040135,causal
14,96,0.114681304331,ucb
14,96,0.0541947896177,causal
14,97,0.111543528834,ucb
14,97,0.116936436059,causal
14,98,0.116904087858,ucb
14,98,0.0783427216703,causal
14,99,0.110677059164,ucb
14,99,0.0655721140294,causal
15,0,0.117257607483,ucb
15,0,0.10528877311,causal
15,1,0.114443313995,ucb
15,1,0.0908245060879,causal
15,2,0.109660401418,ucb
15,2,0.114228429517,causal
15,3,0.113773244117,ucb
15,3,0.10073229794,causal
15,4,0.104517037457,ucb
15,4,0.0882343394214,causal
15,5,0.11256018658,ucb
15,5,0.116876360828,causal
15,6,0.111742239211,ucb
15,6,0.104260562435,causal
15,7,0.116374963713,ucb
15,7,0.0757063432881,causal
15,8,0.114577327971,ucb
15,8,0.103782271177,causal
15,9,0.114514942155,ucb
15,9,0.0866585199152,causal
15,10,0.108405753336,ucb
15,10,0.109660401418,causal
15,11,0.117299198027,ucb
15,11,0.11151811239,causal
15,12,0.116002959401,ucb
15,12,0.100591352207,causal
15,13,0.114394791694,ucb
15,13,0.114464109268,causal
15,14,0.108627569571,ucb
15,14,0.0778066657679,causal
15,15,0.115390654168,ucb
15,15,0.0871414323445,causal
15,16,0.113202529428,ucb
15,16,0.0722959186675,causal
15,17,0.114212255417,ucb
15,17,0.097927246795,causal
15,18,0.10885862815,ucb
15,18,0.0793963487888,causal
15,19,0.116624506978,ucb
15,19,0.113151696541,causal
15,20,0.117021927733,ucb
15,20,0.0889968327309,causal
15,21,0.113599950183,ucb
15,21,0.100972598861,causal
15,22,0.109189041917,ucb
15,22,0.114519563326,causal
15,23,0.105374264784,ucb
15,23,0.0931951671046,causal
15,24,0.116125420448,ucb
15,24,0.108999573883,causal
15,25,0.112324506829,ucb
15,25,0.068409513375,causal
15,26,0.11445717751,ucb
15,26,0.116060724046,causal
15,27,0.115034823957,ucb
15,27,0.0756924797734,causal
15,28,0.11435320115,ucb
15,28,0.0873077945211,causal
15,29,0.116654544593,ucb
15,29,0.0853669024606,causal
15,30,0.113315748132,ucb
15,30,0.0870536300846,causal
15,31,0.112021820091,ucb
15,31,0.09731032039,causal
15,32,0.113921121608,ucb
15,32,0.107130309982,causal
15,33,0.115450729398,ucb
15,33,0.10932998765,causal
15,34,0.107765721073,ucb
15,34,0.110644710963,causal
15,35,0.123209676469,ucb
15,35,0.0863304167335,causal
15,36,0.113103174239,ucb
15,36,0.0805054299663,causal
15,37,0.110806451968,ucb
15,37,0.107488450779,causal
15,38,0.113731653573,ucb
15,38,0.0998057530392,causal
15,39,0.117303819199,ucb
15,39,0.0994060216982,causal
15,40,0.117862980959,ucb
15,40,0.115550084587,causal
15,41,0.107308225087,ucb
15,41,0.0939183804557,causal
15,42,0.115614780989,ucb
15,42,0.0725015608025,causal
15,43,0.113937295708,ucb
15,43,0.111883184944,causal
15,44,0.115316715423,ucb
15,44,0.0821159082593,causal
15,45,0.114175286044,ucb
15,45,0.117800595143,causal
15,46,0.11288366859,ucb
15,46,0.0901682997246,causal
15,47,0.111915533145,ucb
15,47,0.0748283206893,causal
15,48,0.114207634245,ucb
15,48,0.116823217355,causal
15,49,0.115332889523,ucb
15,49,0.0925181654692,causal
15,50,0.114861530023,ucb
15,50,0.115090278016,causal
15,51,0.114729826633,ucb
15,51,0.064624773857,causal
15,52,0.115300541322,ucb
15,52,0.0969822172084,causal
15,53,0.115448418812,ucb
15,53,0.0998288588971,causal
15,54,0.114320852949,ucb
15,54,0.106746752741,causal
15,55,0.11357453374,ucb
15,55,0.105168622649,causal
15,56,0.107220422827,ucb
15,56,0.0725962948198,causal
15,57,0.113378133948,ucb
15,57,0.0842485789401,causal
15,58,0.115818112538,ucb
15,58,0.0620646448058,causal
15,59,0.113112416583,ucb
15,59,0.0887334259513,causal
15,60,0.115760347894,ucb
15,60,0.0901983373398,causal
15,61,0.108588289613,ucb
15,61,0.103426440966,causal
15,62,0.116143905134,ucb
15,62,0.0966818410562,causal
15,63,0.116347236683,ucb
15,63,0.100374157143,causal
15,64,0.106749063327,ucb
15,64,0.0780608302044,causal
15,65,0.118426763891,ucb
15,65,0.110995920002,causal
15,66,0.117146699365,ucb
15,66,0.104505484529,causal
15,67,0.116663786936,ucb
15,67,0.109641916732,causal
15,68,0.114424829309,ucb
15,68,0.098197585332,causal
15,69,0.115466903499,ucb
15,69,0.0966818410562,causal
15,70,0.117883776231,ucb
15,70,0.0994522334139,causal
15,71,0.107855833919,ucb
15,71,0.100094576263,causal
15,72,0.113290331688,ucb
15,72,0.115767279651,causal
15,73,0.112500111349,ucb
15,73,0.0982530393908,causal
15,74,0.114561153871,ucb
15,74,0.0894959192608,causal
15,75,0.11519194379,ucb
15,75,0.0944521257724,causal
15,76,0.114519563326,ucb
15,76,0.0929594873544,causal
15,77,0.114685925503,ucb
15,77,0.0851473968109,causal
15,78,0.114126763743,ucb
15,78,0.0718060744808,causal
15,79,0.1132071506,ucb
15,79,0.113653093657,causal
15,80,0.115168837932,ucb
15,80,0.0617319204526,causal
15,81,0.114829181822,ucb
15,81,0.11153428649,causal
15,82,0.117206774596,ucb
15,82,0.115282056636,causal
15,83,0.118826495232,ucb
15,83,0.0751518026994,causal
15,84,0.11500016517,ucb
15,84,0.101393125474,causal
15,85,0.111481143017,ucb
15,85,0.106238423868,causal
15,86,0.109503281584,ucb
15,86,0.05252654668,causal
15,87,0.110794899039,ucb
15,87,0.0795234310071,causal
15,88,0.113470557379,ucb
15,88,0.097948042067,causal
15,89,0.106201454496,ucb
15,89,0.0931836141757,causal
15,90,0.112608708881,ucb
15,90,0.0726309536066,causal
15,91,0.115614780989,ucb
15,91,0.0745695350813,causal
15,92,0.113498284409,ucb
15,92,0.0730237531902,causal
15,93,0.114769106591,ucb
15,93,0.0917348768877,causal
15,94,0.113921121608,ucb
15,94,0.0888535764122,causal
15,95,0.11698495836,ucb
15,95,0.0828645380541,causal
15,96,0.114970127555,ucb
15,96,0.0945445492038,causal
15,97,0.108449654466,ucb
15,97,0.098629664874,causal
15,98,0.112005645991,ucb
15,98,0.083255027052,causal
15,99,0.110506075816,ucb
15,99,0.072279744567,causal
16,0,0.114260777718,ucb
16,0,0.0790867302935,causal
16,1,0.111215425652,ucb
16,1,0.0990756079308,causal
16,2,0.11510414153,ucb
16,2,0.0665980141185,causal
16,3,0.111146108078,ucb
16,3,0.0947201537236,causal
16,4,0.115226602577,ucb
16,4,0.0807364885449,causal
16,5,0.111069858747,ucb
16,5,0.0924904384398,causal
16,6,0.11683708087,ucb
16,6,0.106187590981,causal
16,7,0.114921605253,ucb
16,7,0.115485388185,causal
16,8,0.114579638557,ucb
16,8,0.0872430981191,causal
16,9,0.112331438587,ucb
16,9,0.103165344773,causal
16,10,0.110115586818,ucb
16,10,0.095667493896,causal
16,11,0.10899033154,ucb
16,11,0.0943227329683,causal
16,12,0.106645086967,ucb
16,12,0.0922663116185,causal
16,13,0.116520530617,ucb
16,13,0.116194738021,causal
16,14,0.117095866478,ucb
16,14,0.1054204765,causal
16,15,0.121393556041,ucb
16,15,0.106624291695,causal
16,16,0.114829181822,ucb
16,16,0.106594254079,causal
16,17,0.108713061245,ucb
16,17,0.0938513734679,causal
16,18,0.107446860235,ucb
16,18,0.077275231037,causal
16,19,0.11350290558,ucb
16,19,0.0947987136403,causal
16,20,0.114958574626,ucb
16,20,0.108842454049,causal
16,21,0.115901293627,ucb
16,21,0.0816514805163,causal
16,22,0.110822626068,ucb
16,22,0.101635736982,causal
16,23,0.115212739062,ucb
16,23,0.0666973693073,causal
16,24,0.114006613282,ucb
16,24,0.113126280097,causal
16,25,0.118729450629,ucb
16,25,0.0957552961558,causal
16,26,0.11513186856,ucb
16,26,0.0527137041286,causal
16,27,0.113921121608,ucb
16,27,0.104061852058,causal
16,28,0.114094415542,ucb
16,28,0.108807795263,causal
16,29,0.112308332729,ucb
16,29,0.0950459463195,causal
16,30,0.112169697582,ucb
16,30,0.111164592765,causal
16,31,0.112100380008,ucb
16,31,0.0897593260404,causal
16,32,0.112324506829,ucb
16,32,0.0827698040368,causal
16,33,0.118962819793,ucb
16,33,0.0727950051974,causal
16,34,0.118075554852,ucb
16,34,0.0655351446568,causal
16,35,0.114159111944,ucb
16,35,0.111157661007,causal
16,36,0.105182486164,ucb
16,36,0.104350675281,causal
16,37,0.119117629041,ucb
16,37,0.0690818938388,causal
16,38,0.115083346258,ucb
16,38,0.0975852800986,causal
16,39,0.107959810279,ucb
16,39,0.100052985718,causal
16,40,0.111404893686,ucb
16,40,0.0873840438521,causal
16,41,0.115785764337,ucb
16,41,0.114886946466,causal
16,42,0.116971094846,ucb
16,42,0.102141755269,causal
16,43,0.109080444385,ucb
16,43,0.11521967082,causal
16,44,0.119900917623,ucb
16,44,0.0966125234826,causal
16,45,0.112807419259,ucb
16,45,0.111395651343,causal
16,46,0.114219187174,ucb
16,46,0.0766790999042,causal
16,47,0.115855081911,ucb
16,47,0.106009675875,causal
16,48,0.113006129636,ucb
16,48,0.11560322806,causal
16,49,0.115670235048,ucb
16,49,0.0648465900925,causal
16,50,0.115524668143,ucb
16,50,0.10046889116,causal
16,51,0.114182217802,ucb
16,51,0.0953440118859,causal
16,52,0.114059756755,ucb
16,52,0.0974905460814,causal
16,53,0.111287053811,ucb
16,53,0.0772706098654,causal
16,54,0.116788558569,ucb
16,54,0.104415371683,causal
16,55,0.107989847894,ucb
16,55,0.0866700728441,causal
16,56,0.114136006086,ucb
16,56,0.102677811172,causal
16,57,0.112403066746,ucb
16,57,0.0976823247016,causal
16,58,0.114796833621,ucb
16,58,0.0848077407004,causal
16,59,0.115707204421,ucb
16,59,0.103699090089,causal
16,60,0.110776414353,ucb
16,60,0.111839283814,causal
16,61,0.113595329012,ucb
16,61,0.115120315631,causal
16,62,0.1136785101,ucb
16,62,0.0823423456664,causal
16,63,0.110596188661,ucb
16,63,0.0982022065035,causal
16,64,0.116783937397,ucb
16,64,0.0927538452194,causal
16,65,0.115801938438,ucb
16,65,0.11605841346,causal
16,66,0.108724614174,ucb
16,66,0.1113702349,causal
16,67,0.115379101239,ucb
16,67,0.0774600778999,causal
16,68,0.11235685503,ucb
16,68,0.0648512112641,causal
16,69,0.116060724046,ucb
16,69,0.116848633799,causal
16,70,0.115462282327,ucb
16,70,0.10935771468,causal
16,71,0.111696027496,ucb
16,71,0.0944105352282,causal
16,72,0.116418864843,ucb
16,72,0.0714017219682,causal
16,73,0.114383238765,ucb
16,73,0.0865776494127,causal
16,74,0.111936328417,ucb
16,74,0.109353093508,causal
16,75,0.1127519652,ucb
16,75,0.0959447641903,causal
16,76,0.112299090386,ucb
16,76,0.105147827377,causal
16,77,0.113965022738,ucb
16,77,0.103264699961,causal
16,78,0.115365237724,ucb
16,78,0.106416338974,causal
16,79,0.114334716463,ucb
16,79,0.0816537911021,causal
16,80,0.107077166509,ucb
16,80,0.10611134165,causal
16,81,0.118768730587,ucb
16,81,0.0890268703461,causal
16,82,0.112869805075,ucb
16,82,0.0886202072478,causal
16,83,0.115494630528,ucb
16,83,0.103835414651,causal
16,84,0.111506559461,ucb
16,84,0.0968759302622,causal
16,85,0.115940573585,ucb
16,85,0.0904270853326,causal
16,86,0.108378026306,ucb
16,86,0.104849761811,causal
16,87,0.11592671007,ucb
16,87,0.0910440117376,causal
16,88,0.116488182416,ucb
16,88,0.0936041407888,causal
16,89,0.113934985122,ucb
16,89,0.070019991668,causal
16,90,0.110656263892,ucb
16,90,0.0806140274982,causal
16,91,0.114387859937,ucb
16,91,0.110164109119,causal
16,92,0.112118864694,ucb
16,92,0.0899187564597,causal
16,93,0.115002475756,ucb
16,93,0.116361100198,causal
16,94,0.115635576261,ucb
16,94,0.107056371237,causal
16,95,0.11381021349,ucb
16,95,0.0907413249996,causal
16,96,0.116301024968,ucb
16,96,0.0760875899429,causal
16,97,0.114702099604,ucb
16,97,0.0895421309765,causal
16,98,0.115660992705,ucb
16,98,0.0979572844102,causal
16,99,0.11591053597,ucb
16,99,0.110554598117,causal
17,0,0.109089686729,ucb
17,0,0.0974397131941,causal
17,1,0.11019645732,ucb
17,1,0.083287375253,causal
17,2,0.113482110308,ucb
17,2,0.108468139152,causal
17,3,0.112310643315,ucb
17,3,0.10464180909,causal
17,4,0.115018649856,ucb
17,4,0.0951314379935,causal
17,5,0.115362927138,ucb
17,5,0.111134555149,causal
17,6,0.119057553811,ucb
17,6,0.0939345545562,causal
17,7,0.110436758242,ucb
17,7,0.100124613878,causal
17,8,0.107146484082,ucb
17,8,0.0942811424242,causal
17,9,0.110272706651,ucb
17,9,0.0763140273499,causal
17,10,0.113445140936,ucb
17,10,0.105450514115,causal
17,11,0.113673888929,ucb
17,11,0.0824070420684,causal
17,12,0.115993717058,ucb
17,12,0.0833821092702,causal
17,13,0.109170557231,ucb
17,13,0.0657153703482,causal
17,14,0.113669267757,ucb
17,14,0.0701678691584,causal
17,15,0.112608708881,ucb
17,15,0.111009783517,causal
17,16,0.116046860531,ucb
17,16,0.0869149949375,causal
17,17,0.104225903648,ucb
17,17,0.0627647522991,causal
17,18,0.113747827674,ucb
17,18,0.0976545976722,causal
17,19,0.114376307008,ucb
17,19,0.115804249024,causal
17,20,0.111324023184,ucb
17,20,0.111379477243,causal
17,21,0.116548257647,ucb
17,21,0.0788394976143,causal
17,22,0.117853738616,ucb
17,22,0.0997456778088,causal
17,23,0.113978886252,ucb
17,23,0.10715341584,causal
17,24,0.110995920002,ucb
17,24,0.0824255267547,causal
17,25,0.115554705759,ucb
17,25,0.0682385300268,causal
17,26,0.114376307008,ucb
17,26,0.106333157886,causal
17,27,0.106980121906,ucb
17,27,0.0989854950851,causal
17,28,0.115746484379,ucb
17,28,0.108320261662,causal
17,29,0.115679477391,ucb
17,29,0.0726563700502,causal
17,30,0.116298714382,ucb
17,30,0.0860300405813,causal
17,31,0.116767763296,ucb
17,31,0.109701991962,causal
17,32,0.111123002221,ucb
17,32,0.10987297531,causal
17,33,0.113713168887,ucb
17,33,0.0933384234234,causal
17,34,0.115577811617,ucb
17,34,0.0654311682964,causal
17,35,0.115836597225,ucb
17,35,0.0960233241071,causal
17,36,0.116467387144,ucb
17,36,0.103202314145,causal
17,37,0.116238639151,ucb
17,37,0.0947432595814,causal
17,38,0.114623539687,ucb
17,38,0.0939645921715,causal
17,39,0.112315264486,ucb
17,39,0.119235468916,causal
17,40,0.117139767608,ucb
17,40,0.113556049054,causal
17,41,0.118225742928,ucb
17,41,0.0815105347833,causal
17,42,0.11532364718,ucb
17,42,0.0790751773645,causal
17,43,0.115154974418,ucb
17,43,0.105603012777,causal
17,44,0.115857392497,ucb
17,44,0.115388343582,causal
17,45,0.112647988839,ucb
17,45,0.0655466975858,causal
17,46,0.115351374209,ucb
17,46,0.116351857855,causal
17,47,0.114609676172,ucb
17,47,0.0890407338609,causal
17,48,0.115575501031,ucb
17,48,0.114882325295,causal
17,49,0.113345785747,ucb
17,49,0.109727408406,causal
17,50,0.111400272515,ucb
17,50,0.107511556637,causal
17,51,0.111758413312,ucb
17,51,0.114739068976,causal
17,52,0.118392105104,ucb
17,52,0.0698929094498,causal
17,53,0.115945194757,ucb
17,53,0.116767763296,causal
17,54,0.11345900445,ucb
17,54,0.10695008429,causal
17,55,0.11198947189,ucb
17,55,0.104875178254,causal
17,56,0.115901293627,ucb
17,56,0.0873332109648,causal
17,57,0.111931707246,ucb
17,57,0.0995492780169,causal
17,58,0.112342991516,ucb
17,58,0.0968944149485,causal
17,59,0.119635200257,ucb
17,59,0.108747720032,causal
17,60,0.114274641233,ucb
17,60,0.105965774746,causal
17,61,0.113237188215,ucb
17,61,0.0872500298765,causal
17,62,0.117356962672,ucb
17,62,0.108012953752,causal
17,63,0.115584743374,ucb
17,63,0.109634984974,causal
17,64,0.109979262256,ucb
17,64,0.103119133057,causal
17,65,0.116578295262,ucb
17,65,0.0934123621685,causal
17,66,0.11813100891,ucb
17,66,0.0870513194989,causal
17,67,0.115679477391,ucb
17,67,0.0915223029953,causal
17,68,0.116428107186,ucb
17,68,0.0896022062069,causal
17,69,0.112650299425,ucb
17,69,0.0995261721591,causal
17,70,0.108391889821,ucb
17,70,0.0876220341881,causal
17,71,0.105940358302,ucb
17,71,0.0957183267833,causal
17,72,0.115187322619,ucb
17,72,0.0806094063266,causal
17,73,0.113891083993,ucb
17,73,0.0952700731407,causal
17,74,0.116356479026,ucb
17,74,0.0714548654413,causal
17,75,0.114032029725,ucb
17,75,0.10386314168,causal
17,76,0.114330095292,ucb
17,76,0.105334984826,causal
17,77,0.117098177064,ucb
17,77,0.0746319208975,causal
17,78,0.116079208732,ucb
17,78,0.0774184873558,causal
17,79,0.118895812806,ucb
17,79,0.0534392280655,causal
17,80,0.11588280894,ucb
17,80,0.11716056288,causal
17,81,0.111136865735,ucb
17,81,0.0951684073661,causal
17,82,0.119783077748,ucb
17,82,0.0966240764115,causal
17,83,0.114096726127,ucb
17,83,0.0928139204499,causal
17,84,0.11692488313,ucb
17,84,0.0825710936592,causal
17,85,0.114415586966,ucb
17,85,0.0751402497705,causal
17,86,0.113056962524,ucb
17,86,0.0688600776033,causal
17,87,0.110332781882,ucb
17,87,0.0952515884544,causal
17,88,0.113583776083,ucb
17,88,0.0569882878333,causal
17,89,0.113509837338,ucb
17,89,0.0869912442684,causal
17,90,0.113063894281,ucb
17,90,0.0643613670774,causal
17,91,0.118969751551,ucb
17,91,0.0903138666291,causal
17,92,0.113581465497,ucb
17,92,0.104697263149,causal
17,93,0.114836113579,ucb
17,93,0.0876266553596,causal
17,94,0.116160079235,ucb
17,94,0.108331814591,causal
17,95,0.115829665467,ucb
17,95,0.0995146192302,causal
17,96,0.113999681524,ucb
17,96,0.0962335874136,causal
17,97,0.113743206502,ucb
17,97,0.105064646289,causal
17,98,0.115711825592,ucb
17,98,0.107171900526,causal
17,99,0.122555780691,ucb
17,99,0.103382539836,causal
18,0,0.112063410636,ucb
18,0,0.0993228406099,causal
18,1,0.112188182268,ucb
18,1,0.0916516957994,causal
18,2,0.107980605551,ucb
18,2,0.102164861127,causal
18,3,0.11463278203,ucb
18,3,0.112479316077,causal
18,4,0.116090761661,ucb
18,4,0.0761661498596,causal
18,5,0.110908117742,ucb
18,5,0.0780030655597,causal
18,6,0.111587429964,ucb
18,6,0.0835623349615,causal
18,7,0.115857392497,ucb
18,7,0.0945722762333,causal
18,8,0.110640089791,ucb
18,8,0.0899164458739,causal
18,9,0.114662819645,ucb
18,9,0.103241594103,causal
18,10,0.117876844474,ucb
18,10,0.0933130069797,causal
18,11,0.113881841649,ucb
18,11,0.0833913516134,causal
18,12,0.114722894876,ucb
18,12,0.0757641079328,causal
18,13,0.112118864694,ucb
18,13,0.110365130083,causal
18,14,0.114126763743,ucb
18,14,0.0952585202118,causal
18,15,0.117493287233,ucb
18,15,0.105076199218,causal
18,16,0.112952986163,ucb
18,16,0.0760113406119,causal
18,17,0.117691997611,ucb
18,17,0.0858428831326,causal
18,18,0.112701132313,ucb
18,18,0.0924164996946,causal
18,19,0.113962712152,ucb
18,19,0.110383614769,causal
18,20,0.114149869601,ucb
18,20,0.111897048459,causal
18,21,0.111460347745,ucb
18,21,0.0943458388262,causal
18,22,0.116296403796,ucb
18,22,0.0933823245533,causal
18,23,0.117463249618,ucb
18,23,0.106876145545,causal
18,24,0.115171148518,ucb
18,24,0.0831210130764,causal
18,25,0.114112900228,ucb
18,25,0.108442722708,causal
18,26,0.113299574031,ucb
18,26,0.0808797448636,causal
18,27,0.114025097968,ucb
18,27,0.0933384234234,causal
18,28,0.118359756903,ucb
18,28,0.0988422387663,causal
18,29,0.115233534334,ucb
18,29,0.095147612094,causal
18,30,0.110628536862,ucb
18,30,0.0640448168247,causal
18,31,0.115721067935,ucb
18,31,0.108352609863,causal
18,32,0.118265022886,ucb
18,32,0.1077125776,causal
18,33,0.115282056636,ucb
18,33,0.0887750164954,causal
18,34,0.116351857855,ucb
18,34,0.107925151492,causal
18,35,0.104584044445,ucb
18,35,0.0925458924987,causal
18,36,0.105399681228,ucb
18,36,0.111127623392,causal
18,37,0.11203337302,ucb
18,37,0.11223670457,causal
18,38,0.11573493145,ucb
18,38,0.0781209054348,causal
18,39,0.115684098563,ucb
18,39,0.0629865685345,causal
18,40,0.111525044147,ucb
18,40,0.0845374021634,causal
18,41,0.116035307602,ucb
18,41,0.0753967247928,causal
18,42,0.106809138558,ucb
18,42,0.0759397124525,causal
18,43,0.11272423817,ucb
18,43,0.0938028511664,causal
18,44,0.116160079235,ucb
18,44,0.109607257945,causal
18,45,0.115198875548,ucb
18,45,0.104253630678,causal
18,46,0.114579638557,ucb
18,46,0.110942776529,causal
18,47,0.101543313551,ucb
18,47,0.0844935010334,causal
18,48,0.111728375697,ucb
18,48,0.109540250957,causal
18,49,0.112809729845,ucb
18,49,0.113283399931,causal
18,50,0.11141413603,ucb
18,50,0.0970099442378,causal
18,51,0.114392481108,ucb
18,51,0.109935361126,causal
18,52,0.113489042066,ucb
18,52,0.0805655051967,causal
18,53,0.114434071652,ucb
18,53,0.116638370492,causal
18,54,0.114667440817,ucb
18,54,0.0755861928272,causal
18,55,0.112435414947,ucb
18,55,0.0909562094777,causal
18,56,0.113835629934,ucb
18,56,0.0920745329983,causal
18,57,0.111476521846,ucb
18,57,0.119538155654,causal
18,58,0.1159706112,ucb
18,58,0.0973588426915,causal
18,59,0.112190492854,ucb
18,59,0.0841168755503,causal
18,60,0.1141175214,ucb
18,60,0.0713924796251,causal
18,61,0.112345302101,ucb
18,61,0.0950690521773,causal
18,62,0.11500016517,ucb
18,62,0.0952354143539,causal
18,63,0.115048687471,ucb
18,63,0.076399519024,causal
18,64,0.115568569273,ucb
18,64,0.0535085456391,causal
18,65,0.115529289315,ucb
18,65,0.077674962378,causal
18,66,0.114990922827,ucb
18,66,0.0769702337132,causal
18,67,0.116437349529,ucb
18,67,0.0615955958912,causal
18,68,0.114732137219,ucb
18,68,0.0976060753707,causal
18,69,0.1164096225,ucb
18,69,0.0795419156934,causal
18,70,0.114343958807,ucb
18,70,0.109048096184,causal
18,71,0.113426656249,ucb
18,71,0.0856395515834,causal
18,72,0.113133211855,ucb
18,72,0.0898794765013,causal
18,73,0.104595597374,ucb
18,73,0.10505309336,causal
18,74,0.11110682812,ucb
18,74,0.110820315483,causal
18,75,0.111677542809,ucb
18,75,0.0911895786421,causal
18,76,0.114609676172,ucb
18,76,0.0877606693352,causal
18,77,0.118828805818,ucb
18,77,0.0791652902102,causal
18,78,0.118574641381,ucb
18,78,0.0980034961259,causal
18,79,0.11485228768,ucb
18,79,0.0934331574406,causal
18,80,0.114013545039,ucb
18,80,0.075523807011,causal
18,81,0.119683722559,ucb
18,81,0.113872599306,causal
18,82,0.11294374382,ucb
18,82,0.0736060208084,causal
18,83,0.11041596297,ucb
18,83,0.0960371876218,causal
18,84,0.110263464308,ucb
18,84,0.0859722759367,causal
18,85,0.114452556339,ucb
18,85,0.0884353603848,causal
18,86,0.115420691783,ucb
18,86,0.0774092450126,causal
18,87,0.108477381495,ucb
18,87,0.108225527645,causal
18,88,0.115688719734,ucb
18,88,0.107973673794,causal
18,89,0.114207634245,ucb
18,89,0.0785021520895,causal
18,90,0.108366473377,ucb
18,90,0.0930680848864,causal
18,91,0.115679477391,ucb
18,91,0.0928532004083,causal
18,92,0.114184528387,ucb
18,92,0.109251427734,causal
18,93,0.116060724046,ucb
18,93,0.06591177014,causal
18,94,0.109524076856,ucb
18,94,0.116118488691,causal
18,95,0.104678778463,ucb
18,95,0.109429342839,causal
18,96,0.115568569273,ucb
18,96,0.111169213936,causal
18,97,0.113812524076,ucb
18,97,0.101711986313,causal
18,98,0.111742239211,ucb
18,98,0.1173523415,causal
18,99,0.11192939666,ucb
18,99,0.0867717386187,causal
19,0,0.114260777718,ucb
19,0,0.103015156696,causal
19,1,0.114295436505,ucb
19,1,0.112874426247,causal
19,2,0.115949815928,ucb
19,2,0.108230148816,causal
19,3,0.115349063624,ucb
19,3,0.0718361120961,causal
19,4,0.115538531658,ucb
19,4,0.0904155324037,causal
19,5,0.112151212895,ucb
19,5,0.0923079021627,causal
19,6,0.11335502809,ucb
19,6,0.0920514271404,causal
19,7,0.111836973228,ucb
19,7,0.0978371339493,causal
19,8,0.113604571355,ucb
19,8,0.107631707097,causal
19,9,0.115275124879,ucb
19,9,0.105281841353,causal
19,10,0.114189149559,ucb
19,10,0.0861317063559,causal
19,11,0.119598230885,ucb
19,11,0.110928913014,causal
19,12,0.113334232818,ucb
19,12,0.0922455163465,causal
19,13,0.120386140638,ucb
19,13,0.10135153493,causal
19,14,0.115189633204,ucb
19,14,0.0641880731434,causal
19,15,0.113858735792,ucb
19,15,0.116490493002,causal
19,16,0.114477972782,ucb
19,16,0.0921415399861,causal
19,17,0.112569428923,ucb
19,17,0.0884492238996,causal
19,18,0.115753416136,ucb
19,18,0.107550836595,causal
19,19,0.115085656844,ucb
19,19,0.0757571761754,causal
19,20,0.115055619229,ucb
19,20,0.111580498206,causal
19,21,0.115697962077,ucb
19,21,0.0744563163777,causal
19,22,0.115101830945,ucb
19,22,0.0974928566671,causal
19,23,0.116624506978,ucb
19,23,0.0808982295499,causal
19,24,0.118121766567,ucb
19,24,0.110536113431,causal
19,25,0.114108279056,ucb
19,25,0.0578963480473,causal
19,26,0.109923808197,ucb
19,26,0.055488717658,causal
19,27,0.11132633377,ucb
19,27,0.0716327805469,causal
19,28,0.115663303291,ucb
19,28,0.0725962948198,causal
19,29,0.11372241123,ucb
19,29,0.116141594548,causal
19,30,0.114910052324,ucb
19,30,0.109923808197,causal
19,31,0.113895705164,ucb
19,31,0.117068139449,causal
19,32,0.112222841055,ucb
19,32,0.0724507279152,causal
19,33,0.114119831985,ucb
19,33,0.094824130084,causal
19,34,0.11303154608,ucb
19,34,0.0882227864925,causal
19,35,0.115730310278,ucb
19,35,0.109473243969,causal
19,36,0.110346645396,ucb
19,36,0.0985695896436,causal
19,37,0.114870772366,ucb
19,37,0.116428107186,causal
19,38,0.116301024968,ucb
19,38,0.103373297493,causal
19,39,0.119064485568,ucb
19,39,0.112756586371,causal
19,40,0.115150353246,ucb
19,40,0.0671617970504,causal
19,41,0.11670537748,ucb
19,41,0.110039337487,causal
19,42,0.11329495286,ucb
19,42,0.0935972090314,causal
19,43,0.115353684795,ucb
19,43,0.0757895243764,causal
19,44,0.113902636921,ucb
19,44,0.0880864619311,causal
19,45,0.116608332877,ucb
19,45,0.080951373023,causal
19,46,0.105501347002,ucb
19,46,0.114949332283,causal
19,47,0.115185012033,ucb
19,47,0.0689709857211,causal
19,48,0.114175286044,ucb
19,48,0.0738347688012,causal
19,49,0.104459272813,ucb
19,49,0.105346537755,causal
19,50,0.114810697135,ucb
19,50,0.0961550274969,causal
19,51,0.112382271474,ucb
19,51,0.109207526604,causal
19,52,0.116746968024,ucb
19,52,0.0801449785836,causal
19,53,0.105760132611,ucb
19,53,0.0879385844408,causal
19,54,0.114498768054,ucb
19,54,0.0753528236628,causal
19,55,0.117687376439,ucb
19,55,0.0711544892891,causal
19,56,0.112269052771,ucb
19,56,0.0809606153662,causal
19,57,0.111208493895,ucb
19,57,0.104822034781,causal
19,58,0.115330578937,ucb
19,58,0.087427944982,causal
19,59,0.116543636475,ucb
19,59,0.103858520508,causal
19,60,0.114685925503,ucb
19,60,0.0994614757571,causal
19,61,0.116876360828,ucb
19,61,0.11858619431,causal
19,62,0.115919778313,ucb
19,62,0.114845355922,causal
19,63,0.118013169035,ucb
19,63,0.116435038943,causal
19,64,0.115154974418,ucb
19,64,0.0859537912504,causal
19,65,0.115480767013,ucb
19,65,0.0942811424242,causal
19,66,0.108713061245,ucb
19,66,0.0664963483439,causal
19,67,0.111871632015,ucb
19,67,0.0876867305901,causal
19,68,0.116832459698,ucb
19,68,0.086120153427,causal
19,69,0.114893878224,ucb
19,69,0.0715472888728,causal
19,70,0.113867978135,ucb
19,70,0.107421443791,causal
19,71,0.109699681376,ucb
19,71,0.104339122352,causal
19,72,0.11387028872,ucb
19,72,0.117008064218,causal
19,73,0.116608332877,ucb
19,73,0.0817878050777,causal
19,74,0.111906290802,ucb
19,74,0.0861871604148,causal
19,75,0.116423486014,ucb
19,75,0.0977747481331,causal
19,76,0.114034340311,ucb
19,76,0.0952053767387,causal
19,77,0.118276575815,ucb
19,77,0.107488450779,causal
19,78,0.115118005045,ucb
19,78,0.10853514614,causal
19,79,0.113475178551,ucb
19,79,0.114651266716,causal
19,80,0.119427247536,ucb
19,80,0.075935091281,causal
19,81,0.116384206056,ucb
19,81,0.108322572248,causal
19,82,0.115085656844,ucb
19,82,0.0851473968109,causal
19,83,0.11422149776,ucb
19,83,0.0858475043042,causal
19,84,0.117960025562,ucb
19,84,0.104986086372,causal
19,85,0.115351374209,ucb
19,85,0.104087268501,causal
19,86,0.113391997463,ucb
19,86,0.11811483481,causal
19,87,0.109574909744,ucb
19,87,0.104429235198,causal
19,88,0.101143582209,ucb
19,88,0.0864482566086,causal
19,89,0.108105377184,ucb
19,89,0.0938375099532,causal
19,90,0.113676199514,ucb
19,90,0.0477043541439,causal
19,91,0.114801454792,ucb
19,91,0.111698338081,causal
19,92,0.113197908257,ucb
19,92,0.0848539524161,causal
19,93,0.114819939479,ucb
19,93,0.108119240698,causal
19,94,0.115325957766,ucb
19,94,0.107444549649,causal
19,95,0.114459488096,ucb
19,95,0.0864898471528,causal
19,96,0.11357453374,ucb
19,96,0.0686128449242,causal
19,97,0.108297155804,ucb
19,97,0.0897870530698,causal
19,98,0.107315156845,ucb
19,98,0.110660885063,causal
19,99,0.116224775637,ucb
19,99,0.103206935317,causal
