2.000000 14.039896
2.050000 67.687035
2.100000 106.334206
2.150000 133.016022
2.200000 149.109695
2.250000 162.583862
2.300000 170.862732
2.350000 175.079529
2.400000 180.800751
2.450000 180.850983
2.500000 182.617783
2.549999 183.773895
2.599999 183.554932
2.649999 182.725433
2.699999 180.092224
2.749999 180.635300
2.799999 177.472076
2.849999 179.242798
2.899999 175.889801
2.949999 175.660385
2.999999 173.169037
3.049999 172.116882
3.099999 167.732315
3.149999 169.470795
3.199999 165.871490
3.249999 165.818237
3.299999 162.241516
3.349999 162.157394
3.399999 159.769104
3.449999 160.016464
3.499999 158.922455
3.549999 157.635406
3.599998 155.191696
3.649998 155.468353
3.699998 153.283417
3.749998 154.555191
3.799998 151.819000
3.849998 150.158615
3.899998 151.337433
3.949998 148.464310
3.999998 149.030228
4.049998 146.165482
4.099998 146.621475
4.149999 145.258728
4.199999 146.108932
4.249999 145.181335
4.299999 145.017059
4.349999 142.997528
4.400000 142.372986
4.450000 144.980957
4.500000 141.041870
4.550000 142.336304
4.600000 140.704773
4.650001 139.182785
4.700001 137.456650
4.750001 138.610764
4.800001 137.048416
4.850001 136.504425
4.900002 136.480698
4.950002 137.205780
5.000002 134.724991
5.050002 135.259277
5.100002 134.651596
5.150002 132.782639
5.200003 134.804825
5.250003 133.697021
5.300003 133.394073
5.350003 133.196396
5.400003 134.250046
5.450004 132.601425
5.500004 131.903534
5.550004 130.914902
5.600004 129.797256
5.650004 132.311569
5.700005 130.440475
5.750005 131.305084
5.800005 129.124130
5.850005 130.205811
5.900005 129.587234
5.950006 129.551956
6.000006 128.205826
6.050006 130.444366
6.100006 127.662514
6.150006 128.459351
6.200006 127.314438
6.250007 127.455635
6.300007 126.448669
6.350007 128.264511
6.400007 127.110741
6.450007 125.726524
6.500008 126.627815
6.550008 125.979424
6.600008 124.919281
6.650008 126.394882
6.700008 126.493622
6.750009 125.330299
6.800009 124.311371
6.850009 125.435326
6.900009 124.595551
6.950009 124.268486
7.000010 125.677605
7.050010 123.690948
7.100010 124.668655
7.150010 123.072227
7.200010 121.448799
7.250010 123.513527
7.300011 123.490211
7.350011 123.499710
7.400011 121.554596
7.450011 122.037865
7.500011 122.096069
7.550012 122.769646
7.600012 123.002594
7.650012 122.196358
7.700012 122.127007
7.750012 121.418945
7.800013 121.303421
7.850013 122.072060
7.900013 120.978889
7.950013 121.847198
8.000013 119.559624
8.050014 120.139297
8.100014 120.693047
8.150014 120.346275
8.200014 120.105652
8.250014 119.724854
8.300014 119.676483
8.350015 120.740562
8.400015 119.987419
8.450015 120.440208
8.500015 118.918007
8.550015 120.769287
8.600016 120.654320
8.650016 120.344971
8.700016 119.410118
8.750016 118.853622
8.800016 119.348450
8.850017 119.539711
8.900017 120.928307
8.950017 119.602188
9.000017 118.790260
9.050017 117.409821
9.100018 119.758675
9.150018 118.554634
9.200018 116.821548
9.250018 119.387512
9.300018 117.649689
9.350019 118.876144
9.400019 118.189476
9.450019 118.385094
9.500019 118.119270
9.550019 118.254494
9.600019 118.670212
9.650020 117.972198
9.700020 117.861397
9.750020 118.996902
9.800020 119.103294
9.850020 117.476227
9.900021 117.950043
9.950021 116.923256
