0.400000 5460.490723
0.410000 5502.977051
0.420000 5486.257324
0.430000 5497.422363
0.440000 5497.569824
0.450000 5533.953613
0.460000 5531.527344
0.470000 5515.169434
0.480000 5532.309570
0.490000 5538.938965
0.500000 5540.883301
0.510000 5519.392578
0.520000 5495.488281
0.530000 5453.408203
0.540000 5450.828125
0.550000 5468.333984
0.560000 5462.520996
0.570000 5439.475098
0.580000 5442.508789
0.590000 5460.317871
0.600000 5482.723633
0.610000 3966.594482
0.620000 3377.256348
0.630000 3062.697510
0.640000 2828.202881
0.650000 2681.006348
0.660000 2570.868652
0.670000 2468.716309
0.680000 2400.610840
0.690000 2332.591797
0.700000 2274.421387
0.710000 2242.000732
0.720000 2239.822510
0.730000 2158.057617
0.740000 2150.574951
0.750000 2134.835938
0.760000 2108.987305
0.770000 2073.264893
0.780000 2070.479248
0.790000 2057.625732
0.800000 2031.053345
0.810000 2020.551880
0.820000 2018.329346
0.830000 2025.532104
0.840000 2013.322510
0.850000 1997.392700
0.860000 1969.838989
0.870000 1976.893555
0.880000 1983.780151
0.890000 1987.880005
0.900000 1976.329956
0.910000 2001.253296
0.920000 1958.332886
0.930000 1982.080444
0.940000 1976.192139
0.950000 1976.445679
0.960000 1974.457520
0.969999 1968.021851
0.979999 1990.995361
0.989999 1992.792114
0.999999 1983.774170
