1000 905.320129 898.169373
2000 1347.335571 1435.254028
3000 1662.247681 1814.145874
4000 1896.605835 2173.804688
5000 2134.883789 2499.433838
6000 2238.862793 2733.282227
7000 2414.608398 3030.326660
8000 2531.445068 3256.228271
9000 2654.059814 3453.775635
10000 2774.823975 3689.087891
11000 2869.793213 3900.131592
12000 2934.142822 4069.310059
13000 3027.181885 4246.458984
14000 3097.006592 4428.871582
15000 3201.007080 4616.276367
16000 3218.546143 4814.573730
17000 3321.751953 4959.463867
18000 3365.044434 5123.429688
19000 3444.706543 5273.583984
20000 3485.480713 5416.457520
21000 3551.502930 5569.024414
22000 3599.600342 5689.900391
23000 3636.819580 5879.347168
24000 3716.158447 5980.461914
25000 3712.497803 6086.018555
26000 3793.089111 6220.132324
27000 3816.802002 6366.938477
28000 3849.798828 6534.831055
29000 3906.301758 6612.920898
30000 3930.763672 6741.220703
31000 3970.869141 6886.606445
32000 3998.034180 6985.583984
33000 4071.363770 7124.832520
34000 4073.812012 7214.343262
35000 4104.666504 7313.148926
36000 4192.509766 7416.061523
37000 4184.893555 7524.831055
38000 4221.575684 7659.317383
39000 4232.874023 7815.751465
40000 4303.029785 7859.245117
41000 4276.556152 7969.860840
42000 4347.832520 8074.365234
43000 4357.418457 8186.725098
44000 4407.312500 8294.574219
45000 4428.229980 8409.734375
46000 4453.002930 8476.455078
47000 4469.157227 8568.316406
48000 4513.251953 8693.847656
49000 4506.248535 8740.861328
50000 4540.424805 8863.705078
51000 4609.262207 8955.099609
52000 4602.594727 9110.074219
53000 4641.216309 9158.339844
54000 4699.175781 9227.158203
55000 4694.965332 9322.769531
56000 4711.431641 9421.292969
57000 4703.533203 9520.201172
58000 4753.522461 9610.211914
59000 4754.770508 9673.076172
60000 4799.799805 9748.590820
61000 4796.423828 9855.021484
62000 4796.723633 9974.809570
63000 4804.524902 10033.216797
64000 4870.919922 10127.709961
65000 4882.113281 10213.979492
66000 4933.882324 10290.751953
67000 4917.193359 10376.761719
68000 4967.559082 10465.352539
69000 4979.206055 10529.396484
70000 4990.634766 10607.745117
71000 5019.722168 10712.271484
72000 5033.836426 10769.869141
73000 5064.679688 10840.543945
74000 5077.291992 10950.802734
75000 5077.461426 10996.486328
76000 5097.484863 11112.071289
77000 5110.567871 11152.518555
78000 5128.428223 11242.455078
79000 5151.674316 11367.613281
80000 5180.831055 11425.719727
81000 5185.553223 11468.414062
82000 5165.685547 11552.949219
83000 5215.387695 11645.013672
84000 5212.180176 11679.222656
85000 5256.325684 11769.767578
86000 5250.056641 11846.340820
87000 5249.728027 11894.889648
88000 5245.189453 11997.117188
89000 5308.228516 12076.252930
90000 5335.397461 12138.258789
91000 5333.664062 12209.159180
92000 5334.188477 12274.960938
93000 5367.601562 12356.407227
94000 5361.476074 12438.575195
95000 5426.581055 12516.065430
96000 5397.382812 12595.605469
97000 5431.066895 12655.471680
98000 5434.568848 12665.820312
99000 5461.590332 12761.073242
100000 5431.476562 12830.497070
